>GCCCCCTAGTGG	3-CCACTAGGGGGC	8.236615	-378.956769	0	T:426.0(10.08%),B:872.6(1.93%),P:1e-164
0.032	0.021	0.854	0.093
0.044	0.910	0.025	0.021
0.021	0.933	0.016	0.030
0.275	0.662	0.016	0.047
0.027	0.694	0.011	0.268
0.039	0.945	0.005	0.011
0.046	0.063	0.030	0.861
0.593	0.059	0.231	0.117
0.011	0.125	0.853	0.011
0.052	0.054	0.027	0.867
0.005	0.005	0.979	0.011
0.058	0.046	0.850	0.046
