>AACAGGAAGCAG	8-AACAGGAAGCAG	8.586055	-100.541289	0	T:450.0(10.64%),B:2372.9(5.24%),P:1e-43
0.646	0.017	0.193	0.144
0.485	0.093	0.181	0.242
0.148	0.688	0.159	0.005
0.986	0.001	0.001	0.012
0.052	0.001	0.946	0.001
0.058	0.082	0.817	0.043
0.884	0.070	0.045	0.001
0.904	0.005	0.086	0.005
0.288	0.175	0.513	0.024
0.240	0.712	0.039	0.009
0.828	0.005	0.005	0.162
0.159	0.084	0.664	0.093
