>TATGTTCAGCGG	16-TATGTTCAGCGG,BestGuess:VDR/MA0693.2/Jaspar(0.619)	11.100915	-35.536222	0	T:12.0(0.28%),B:3.1(0.01%),P:1e-15
0.064	0.066	0.122	0.748
0.712	0.089	0.111	0.088
0.076	0.052	0.093	0.779
0.052	0.082	0.738	0.128
0.099	0.093	0.070	0.738
0.064	0.070	0.120	0.746
0.082	0.795	0.082	0.041
0.855	0.017	0.018	0.110
0.070	0.058	0.814	0.058
0.182	0.585	0.140	0.093
0.093	0.047	0.712	0.148
0.064	0.082	0.778	0.076
