>AATGGAATGTST	11-ASACATTCCATT	11.341646	-53.487811	0	T:13.0(0.31%),B:1.3(0.00%),P:1e-23
0.487	0.107	0.079	0.328
0.818	0.172	0.005	0.005
0.105	0.063	0.121	0.711
0.142	0.016	0.690	0.152
0.137	0.143	0.511	0.209
0.643	0.110	0.110	0.137
0.674	0.145	0.011	0.170
0.137	0.001	0.100	0.762
0.116	0.138	0.741	0.005
0.115	0.001	0.001	0.883
0.032	0.476	0.424	0.068
0.183	0.001	0.001	0.815
