>ACTGTGATATCA	18-TGATATCACAGT	6.855580	-30.797773	0	T:449.0(10.62%),B:3363.6(7.42%),P:1e-13
0.728	0.076	0.072	0.124
0.096	0.708	0.115	0.081
0.112	0.043	0.016	0.829
0.080	0.101	0.740	0.079
0.128	0.036	0.040	0.796
0.067	0.072	0.778	0.083
0.730	0.099	0.070	0.101
0.096	0.102	0.092	0.710
0.714	0.079	0.108	0.099
0.108	0.067	0.067	0.758
0.090	0.730	0.099	0.081
0.778	0.083	0.020	0.119
