>ASACATTCCATT	11-ASACATTCCATT,BestGuess:TEAD4/MA0809.2/Jaspar(0.759)	11.341646	-53.487811	0	T:13.0(0.31%),B:1.3(0.00%),P:1e-23
0.815	0.001	0.001	0.183
0.068	0.424	0.476	0.032
0.883	0.001	0.001	0.115
0.005	0.741	0.138	0.116
0.762	0.100	0.001	0.137
0.170	0.011	0.145	0.674
0.137	0.110	0.110	0.643
0.209	0.511	0.143	0.137
0.152	0.690	0.016	0.142
0.711	0.121	0.063	0.105
0.005	0.005	0.172	0.818
0.328	0.079	0.107	0.487
