>CCTGGCCCTGCC	24-CCTGGCCCTGCC	7.043601	-15.387072	0	T:668.0(15.80%),B:5931.7(13.09%),P:1e-6
0.052	0.769	0.069	0.110
0.070	0.768	0.055	0.107
0.119	0.102	0.067	0.712
0.077	0.091	0.737	0.095
0.086	0.102	0.740	0.072
0.071	0.781	0.080	0.068
0.097	0.777	0.058	0.068
0.086	0.761	0.059	0.094
0.092	0.104	0.090	0.714
0.087	0.087	0.730	0.096
0.077	0.728	0.097	0.098
0.072	0.785	0.059	0.084
