>AAAAGCAGAAGT	7-AAAAGCAGAAGT	9.237851	-140.064676	0	T:209.0(4.94%),B:557.1(1.23%),P:1e-60
0.795	0.050	0.093	0.062
0.794	0.077	0.096	0.033
0.838	0.059	0.025	0.078
0.845	0.025	0.037	0.093
0.109	0.031	0.808	0.052
0.035	0.800	0.101	0.064
0.933	0.008	0.017	0.042
0.031	0.045	0.882	0.042
0.865	0.027	0.042	0.066
0.850	0.001	0.025	0.124
0.033	0.091	0.859	0.017
0.051	0.157	0.057	0.735
