>GGTTTTGCAACA	12-GGTTTTGCAACA	9.499611	-50.950810	0	T:67.0(1.58%),B:162.7(0.36%),P:1e-22
0.070	0.012	0.829	0.089
0.082	0.094	0.777	0.047
0.001	0.047	0.047	0.905
0.017	0.069	0.044	0.870
0.059	0.051	0.091	0.799
0.094	0.012	0.087	0.807
0.071	0.041	0.873	0.015
0.084	0.825	0.032	0.059
0.852	0.089	0.012	0.047
0.882	0.038	0.036	0.044
0.094	0.792	0.044	0.070
0.790	0.071	0.023	0.116
