>GAGGAAGT	1-GAGGAAGT	7.633467	-450.783443	0	T:981.0(23.20%),B:3683.3(8.13%),P:1e-195	Tpos:102.3,Tstd:49.6,Bpos:99.1,Bstd:63.6,StrandBias:-0.1,Multiplicity:1.15
0.109	0.107	0.773	0.011
0.843	0.006	0.150	0.001
0.001	0.001	0.997	0.001
0.001	0.001	0.997	0.001
0.994	0.001	0.001	0.004
0.997	0.001	0.001	0.001
0.029	0.055	0.915	0.001
0.001	0.075	0.031	0.893
>WAACCACA	2-WAACCACA	7.268544	-447.002967	0	T:769.0(18.19%),B:2397.3(5.29%),P:1e-194	Tpos:103.6,Tstd:49.2,Bpos:98.6,Bstd:63.8,StrandBias:0.1,Multiplicity:1.17
0.367	0.129	0.025	0.479
0.800	0.022	0.126	0.052
0.969	0.017	0.013	0.001
0.001	0.997	0.001	0.001
0.001	0.996	0.002	0.001
0.955	0.001	0.024	0.020
0.001	0.992	0.001	0.006
0.964	0.012	0.001	0.023
>RACCACAR	3-RACCACAR	5.624813	-379.676093	0	T:1883.0(44.54%),B:11365.0(25.09%),P:1e-164	Tpos:101.5,Tstd:54.8,Bpos:99.5,Bstd:64.3,StrandBias:-0.0,Multiplicity:1.26
0.304	0.149	0.349	0.197
0.628	0.180	0.191	0.001
0.001	0.929	0.021	0.049
0.019	0.820	0.048	0.113
0.705	0.001	0.261	0.033
0.004	0.875	0.098	0.023
0.623	0.026	0.137	0.214
0.384	0.142	0.346	0.129
>CAGATAAG	4-CAGATAAG	4.991685	-353.447392	0	T:1158.0(27.39%),B:5555.1(12.26%),P:1e-153	Tpos:101.0,Tstd:51.3,Bpos:99.4,Bstd:61.9,StrandBias:0.0,Multiplicity:1.22
0.136	0.557	0.231	0.076
0.767	0.018	0.005	0.210
0.001	0.001	0.997	0.001
0.997	0.001	0.001	0.001
0.001	0.001	0.001	0.997
0.981	0.001	0.001	0.017
0.977	0.007	0.001	0.015
0.074	0.045	0.849	0.032
>AAGCGGAA	5-AAGCGGAA	5.834082	-284.060722	0	T:1321.0(31.24%),B:7458.2(16.46%),P:1e-123	Tpos:100.0,Tstd:50.2,Bpos:99.6,Bstd:61.2,StrandBias:-0.0,Multiplicity:1.20
0.706	0.070	0.066	0.158
0.801	0.016	0.054	0.129
0.203	0.269	0.500	0.028
0.237	0.592	0.119	0.052
0.064	0.051	0.884	0.001
0.008	0.178	0.767	0.047
0.803	0.057	0.021	0.119
0.951	0.030	0.001	0.018
>ATGACTCA	6-ATGACTCA	7.796809	-147.271046	0	T:410.0(9.70%),B:1713.9(3.78%),P:1e-63	Tpos:104.6,Tstd:49.7,Bpos:98.4,Bstd:64.1,StrandBias:0.2,Multiplicity:1.07
0.751	0.120	0.128	0.001
0.001	0.001	0.001	0.997
0.001	0.001	0.997	0.001
0.997	0.001	0.001	0.001
0.028	0.602	0.282	0.088
0.024	0.001	0.027	0.948
0.089	0.895	0.015	0.001
0.982	0.001	0.005	0.012
>CAGGAAAC	7-CAGGAAAC	6.159462	-139.241998	0	T:817.0(19.32%),B:4856.0(10.72%),P:1e-60	Tpos:99.9,Tstd:52.3,Bpos:98.9,Bstd:63.3,StrandBias:0.0,Multiplicity:1.07
0.091	0.907	0.001	0.001
0.968	0.030	0.001	0.001
0.001	0.001	0.997	0.001
0.001	0.001	0.997	0.001
0.997	0.001	0.001	0.001
0.997	0.001	0.001	0.001
0.685	0.001	0.313	0.001
0.001	0.858	0.001	0.140
>CCACATCC	8-CCACATCC	9.993450	-112.376108	0	T:343.0(8.11%),B:1503.2(3.32%),P:1e-48	Tpos:104.2,Tstd:53.8,Bpos:99.7,Bstd:63.5,StrandBias:-0.3,Multiplicity:1.04
0.001	0.997	0.001	0.001
0.001	0.997	0.001	0.001
0.997	0.001	0.001	0.001
0.001	0.997	0.001	0.001
0.657	0.001	0.001	0.341
0.001	0.001	0.001	0.997
0.001	0.997	0.001	0.001
0.001	0.997	0.001	0.001
>TTWYGCAA	9-TTWYGCAA	7.390272	-85.644720	0	T:451.0(10.67%),B:2535.4(5.60%),P:1e-37	Tpos:101.7,Tstd:52.7,Bpos:99.2,Bstd:61.1,StrandBias:0.0,Multiplicity:1.11
0.001	0.001	0.001	0.997
0.001	0.001	0.255	0.743
0.434	0.001	0.225	0.340
0.130	0.408	0.001	0.461
0.296	0.077	0.626	0.001
0.001	0.997	0.001	0.001
0.997	0.001	0.001	0.001
0.997	0.001	0.001	0.001
>CGCCAYCT	10-CGCCAYCT	6.016048	-73.736134	0	T:782.0(18.50%),B:5499.5(12.14%),P:1e-32	Tpos:97.9,Tstd:51.9,Bpos:99.1,Bstd:59.8,StrandBias:0.1,Multiplicity:1.13
0.097	0.649	0.041	0.213
0.001	0.001	0.997	0.001
0.099	0.553	0.021	0.327
0.024	0.935	0.040	0.001
0.555	0.397	0.001	0.047
0.002	0.415	0.080	0.503
0.280	0.598	0.001	0.121
0.078	0.175	0.112	0.635
>TGACTAAG	11-TGACTAAG	5.488363	-62.050731	0	T:773.0(18.28%),B:5638.2(12.45%),P:1e-26	Tpos:99.0,Tstd:57.0,Bpos:98.4,Bstd:63.9,StrandBias:0.2,Multiplicity:1.07
0.059	0.083	0.027	0.831
0.062	0.075	0.700	0.163
0.808	0.063	0.086	0.043
0.003	0.797	0.089	0.111
0.054	0.112	0.053	0.781
0.690	0.104	0.128	0.078
0.670	0.088	0.135	0.107
0.043	0.085	0.730	0.142
>ARCAGATG	12-ARCAGATG	7.605927	-49.167052	0	T:629.0(14.88%),B:4595.0(10.14%),P:1e-21	Tpos:106.0,Tstd:54.7,Bpos:100.8,Bstd:65.6,StrandBias:0.0,Multiplicity:1.08
0.830	0.139	0.001	0.030
0.416	0.070	0.427	0.087
0.001	0.997	0.001	0.001
0.996	0.001	0.002	0.001
0.001	0.001	0.934	0.064
0.692	0.306	0.001	0.001
0.173	0.001	0.001	0.825
0.001	0.001	0.997	0.001
>CACTAKCG	13-CACTAKCG	4.905456	-45.449018	0	T:334.0(7.90%),B:2099.3(4.63%),P:1e-19	Tpos:97.9,Tstd:55.0,Bpos:101.2,Bstd:63.0,StrandBias:-0.1,Multiplicity:1.03
0.269	0.518	0.142	0.071
0.629	0.128	0.086	0.157
0.142	0.541	0.106	0.211
0.078	0.143	0.083	0.696
0.587	0.070	0.196	0.147
0.039	0.189	0.406	0.366
0.199	0.566	0.173	0.062
0.253	0.099	0.515	0.133
>AGGGAAGT	14-AGGGAAGT	8.663813	-41.658735	0	T:212.0(5.01%),B:1175.0(2.59%),P:1e-18	Tpos:102.8,Tstd:55.2,Bpos:101.0,Bstd:62.8,StrandBias:-0.1,Multiplicity:1.02
0.874	0.124	0.001	0.001
0.001	0.001	0.997	0.001
0.001	0.001	0.862	0.136
0.001	0.001	0.997	0.001
0.997	0.001	0.001	0.001
0.839	0.159	0.001	0.001
0.001	0.001	0.997	0.001
0.001	0.001	0.001	0.997
>TSATGACA	15-TSATGACA	6.422832	-41.347431	0	T:585.0(13.84%),B:4362.6(9.63%),P:1e-17	Tpos:99.7,Tstd:56.3,Bpos:99.3,Bstd:62.9,StrandBias:-0.2,Multiplicity:1.13
0.001	0.374	0.001	0.624
0.001	0.455	0.490	0.055
0.738	0.001	0.260	0.001
0.001	0.118	0.001	0.880
0.276	0.001	0.722	0.001
0.997	0.001	0.001	0.001
0.001	0.997	0.001	0.001
0.734	0.194	0.071	0.001
>TGAGGTTA	16-TGAGGTTA	8.161818	-40.541211	0	T:164.0(3.88%),B:827.9(1.83%),P:1e-17	Tpos:106.7,Tstd:53.7,Bpos:101.0,Bstd:60.8,StrandBias:0.2,Multiplicity:1.03
0.001	0.001	0.001	0.997
0.001	0.001	0.997	0.001
0.832	0.166	0.001	0.001
0.001	0.001	0.997	0.001
0.001	0.001	0.997	0.001
0.001	0.001	0.001	0.997
0.001	0.001	0.001	0.997
0.670	0.001	0.001	0.328
>KACGTMAT	17-KACGTMAT	7.673971	-40.483251	0	T:175.0(4.14%),B:908.5(2.01%),P:1e-17	Tpos:97.6,Tstd:49.5,Bpos:103.8,Bstd:63.2,StrandBias:-0.1,Multiplicity:1.05
0.001	0.158	0.415	0.426
0.812	0.001	0.060	0.127
0.001	0.583	0.001	0.415
0.108	0.001	0.890	0.001
0.001	0.001	0.001	0.997
0.438	0.560	0.001	0.001
0.997	0.001	0.001	0.001
0.112	0.001	0.001	0.886
>AGATAGSA	18-AGATAGSA	8.497280	-36.938545	0	T:193.0(4.56%),B:1081.1(2.39%),P:1e-16	Tpos:106.2,Tstd:58.6,Bpos:98.4,Bstd:63.0,StrandBias:-0.2,Multiplicity:1.02
0.769	0.001	0.001	0.229
0.001	0.001	0.997	0.001
0.997	0.001	0.001	0.001
0.001	0.001	0.001	0.997
0.997	0.001	0.001	0.001
0.001	0.001	0.670	0.328
0.001	0.538	0.420	0.041
0.917	0.001	0.001	0.081
>CGGCCCTG	19-CGGCCCTG	5.586463	-30.268563	0	T:1480.0(35.00%),B:13462.6(29.72%),P:1e-13	Tpos:97.5,Tstd:57.5,Bpos:99.8,Bstd:61.6,StrandBias:0.2,Multiplicity:1.50
0.068	0.679	0.090	0.163
0.189	0.145	0.598	0.068
0.125	0.061	0.760	0.054
0.001	0.986	0.012	0.001
0.026	0.811	0.104	0.059
0.055	0.928	0.001	0.016
0.158	0.122	0.087	0.633
0.133	0.219	0.603	0.045
>TGACAGCT	20-TGACAGCT	8.432435	-23.419404	0	T:167.0(3.95%),B:1047.2(2.31%),P:1e-10	Tpos:102.1,Tstd:54.9,Bpos:105.0,Bstd:65.4,StrandBias:0.3,Multiplicity:1.01
0.001	0.001	0.001	0.997
0.001	0.001	0.997	0.001
0.997	0.001	0.001	0.001
0.210	0.667	0.001	0.122
0.891	0.001	0.107	0.001
0.001	0.001	0.997	0.001
0.001	0.997	0.001	0.001
0.001	0.001	0.001	0.997
>TGTGCTGA	21-TGTGCTGA	8.546025	-22.145640	0	T:233.0(5.51%),B:1625.6(3.59%),P:1e-9	Tpos:109.8,Tstd:57.9,Bpos:100.6,Bstd:67.9,StrandBias:0.3,Multiplicity:1.04
0.001	0.001	0.001	0.997
0.122	0.001	0.876	0.001
0.001	0.001	0.001	0.997
0.001	0.001	0.997	0.001
0.136	0.862	0.001	0.001
0.240	0.001	0.001	0.758
0.001	0.001	0.997	0.001
0.997	0.001	0.001	0.001
>GATGTAAC	22-GATGTAAC	7.369003	-18.990091	0	T:194.0(4.59%),B:1347.7(2.97%),P:1e-8	Tpos:104.6,Tstd:58.5,Bpos:102.5,Bstd:62.4,StrandBias:-0.3,Multiplicity:1.04
0.001	0.001	0.997	0.001
0.436	0.249	0.149	0.165
0.001	0.001	0.001	0.997
0.097	0.001	0.901	0.001
0.001	0.001	0.001	0.997
0.997	0.001	0.001	0.001
0.997	0.001	0.001	0.001
0.183	0.815	0.001	0.001
>CAGCCGYA	23-CAGCCGYA	8.088417	-16.822526	0	T:187.0(4.42%),B:1328.9(2.93%),P:1e-7	Tpos:101.4,Tstd:53.4,Bpos:102.6,Bstd:67.2,StrandBias:-0.2,Multiplicity:1.06
0.001	0.621	0.001	0.377
0.867	0.131	0.001	0.001
0.001	0.001	0.997	0.001
0.001	0.997	0.001	0.001
0.001	0.830	0.001	0.168
0.001	0.001	0.997	0.001
0.001	0.556	0.001	0.442
0.997	0.001	0.001	0.001
>CTTTACGG	24-CTTTACGG	8.236954	-16.405385	0	T:19.0(0.45%),B:44.3(0.10%),P:1e-7	Tpos:113.5,Tstd:63.0,Bpos:100.2,Bstd:64.4,StrandBias:0.5,Multiplicity:1.00
0.100	0.700	0.100	0.100
0.100	0.100	0.100	0.700
0.100	0.100	0.100	0.700
0.100	0.100	0.100	0.700
0.700	0.100	0.100	0.100
0.100	0.700	0.100	0.100
0.100	0.100	0.700	0.100
0.100	0.100	0.700	0.100
>AATAGAAC	25-AATAGAAC	8.236954	-16.066334	0	T:36.0(0.85%),B:139.2(0.31%),P:1e-6	Tpos:78.3,Tstd:56.2,Bpos:92.2,Bstd:58.3,StrandBias:0.0,Multiplicity:1.00
0.700	0.100	0.100	0.100
0.700	0.100	0.100	0.100
0.100	0.100	0.100	0.700
0.700	0.100	0.100	0.100
0.100	0.100	0.700	0.100
0.700	0.100	0.100	0.100
0.700	0.100	0.100	0.100
0.100	0.700	0.100	0.100
