>ACTTCCTCTT	1-ACTTCCTCTT	7.830694	-681.534956	0	T:940.0(22.23%),B:2474.2(5.46%),P:1e-295	Tpos:99.8,Tstd:47.9,Bpos:98.5,Bstd:62.7,StrandBias:0.1,Multiplicity:1.18
0.813	0.021	0.125	0.041
0.018	0.765	0.179	0.038
0.033	0.002	0.021	0.944
0.023	0.009	0.006	0.962
0.001	0.985	0.005	0.009
0.001	0.870	0.024	0.105
0.008	0.316	0.086	0.590
0.041	0.659	0.123	0.177
0.252	0.097	0.026	0.625
0.150	0.024	0.036	0.790
>TAACCACAAN	2-TAACCACAAN	6.454544	-534.298394	0	T:1329.0(31.43%),B:5591.1(12.34%),P:1e-232	Tpos:102.3,Tstd:49.6,Bpos:98.3,Bstd:63.9,StrandBias:0.0,Multiplicity:1.26
0.333	0.121	0.035	0.511
0.545	0.053	0.280	0.122
0.670	0.113	0.201	0.016
0.001	0.973	0.022	0.004
0.019	0.950	0.019	0.012
0.845	0.001	0.093	0.061
0.028	0.879	0.080	0.013
0.654	0.046	0.083	0.217
0.477	0.044	0.315	0.164
0.209	0.205	0.342	0.244
>NSRCTTCCTS	3-NSRCTTCCTS	7.272414	-403.008845	0	T:1373.0(32.47%),B:6829.3(15.08%),P:1e-175	Tpos:101.9,Tstd:52.1,Bpos:99.1,Bstd:61.4,StrandBias:0.0,Multiplicity:1.14
0.184	0.301	0.208	0.306
0.158	0.282	0.371	0.189
0.459	0.001	0.519	0.021
0.001	0.592	0.001	0.406
0.001	0.001	0.001	0.997
0.001	0.001	0.155	0.843
0.001	0.962	0.001	0.036
0.001	0.997	0.001	0.001
0.024	0.001	0.329	0.646
0.037	0.313	0.429	0.220
>TTCCKCTTTY	4-TTCCKCTTTY	6.526869	-363.072929	0	T:605.0(14.31%),B:1813.3(4.00%),P:1e-157	Tpos:98.3,Tstd:50.4,Bpos:100.2,Bstd:59.7,StrandBias:0.1,Multiplicity:1.08
0.259	0.011	0.002	0.728
0.004	0.065	0.160	0.771
0.284	0.445	0.239	0.032
0.004	0.622	0.188	0.186
0.008	0.260	0.428	0.304
0.010	0.559	0.381	0.050
0.235	0.192	0.011	0.562
0.122	0.018	0.276	0.584
0.064	0.170	0.234	0.532
0.011	0.347	0.217	0.425
>BCTTATCTBT	5-BCTTATCTBT	3.346604	-356.708238	0	T:961.0(22.73%),B:4097.2(9.04%),P:1e-154	Tpos:99.8,Tstd:50.1,Bpos:100.9,Bstd:61.8,StrandBias:0.0,Multiplicity:1.19
0.001	0.365	0.278	0.356
0.001	0.579	0.127	0.293
0.001	0.001	0.001	0.997
0.001	0.001	0.001	0.997
0.997	0.001	0.001	0.001
0.001	0.001	0.001	0.997
0.001	0.997	0.001	0.001
0.164	0.001	0.001	0.834
0.056	0.323	0.327	0.293
0.191	0.203	0.197	0.408
>CCCCCTAGTG	6-CCCCCTAGTG	8.477771	-228.502958	0	T:210.0(4.97%),B:335.7(0.74%),P:1e-99	Tpos:104.5,Tstd:45.9,Bpos:98.7,Bstd:60.0,StrandBias:0.2,Multiplicity:1.03
0.001	0.993	0.005	0.001
0.010	0.955	0.015	0.020
0.035	0.955	0.001	0.009
0.010	0.681	0.014	0.295
0.001	0.997	0.001	0.001
0.001	0.001	0.001	0.997
0.661	0.001	0.250	0.088
0.001	0.023	0.975	0.001
0.027	0.008	0.016	0.949
0.006	0.001	0.992	0.001
>GMTGASTCAT	7-GMTGASTCAT	7.450385	-150.843726	0	T:347.0(8.21%),B:1288.6(2.84%),P:1e-65	Tpos:104.0,Tstd:50.2,Bpos:98.3,Bstd:63.8,StrandBias:0.0,Multiplicity:1.06
0.221	0.178	0.441	0.161
0.434	0.326	0.119	0.121
0.061	0.001	0.001	0.937
0.070	0.004	0.676	0.250
0.851	0.054	0.001	0.094
0.088	0.391	0.426	0.095
0.001	0.001	0.018	0.980
0.171	0.781	0.047	0.001
0.924	0.001	0.063	0.012
0.061	0.165	0.262	0.512
>DVTTDYGBAA	8-DVTTDYGBAA	6.181445	-101.618413	0	T:613.0(14.50%),B:3641.5(8.04%),P:1e-44	Tpos:100.3,Tstd:52.8,Bpos:100.1,Bstd:61.0,StrandBias:-0.1,Multiplicity:1.11
0.232	0.171	0.343	0.254
0.379	0.265	0.355	0.001
0.001	0.024	0.001	0.974
0.001	0.001	0.327	0.671
0.307	0.064	0.377	0.252
0.164	0.385	0.168	0.283
0.327	0.099	0.508	0.066
0.184	0.336	0.187	0.293
0.997	0.001	0.001	0.001
0.918	0.055	0.001	0.026
>STGCGGTCYG	9-STGCGGTCYG	5.993729	-56.057906	0	T:186.0(4.40%),B:851.3(1.88%),P:1e-24	Tpos:108.5,Tstd:52.4,Bpos:98.8,Bstd:59.7,StrandBias:-0.4,Multiplicity:1.07
0.001	0.340	0.418	0.241
0.001	0.001	0.001	0.997
0.240	0.001	0.758	0.001
0.001	0.970	0.001	0.028
0.001	0.001	0.997	0.001
0.001	0.001	0.997	0.001
0.270	0.010	0.001	0.719
0.001	0.794	0.029	0.176
0.001	0.482	0.001	0.516
0.328	0.001	0.670	0.001
>CATCTGCTGG	10-CATCTGCTGG	9.453377	-49.269263	0	T:87.0(2.06%),B:270.7(0.60%),P:1e-21	Tpos:100.3,Tstd:45.5,Bpos:99.7,Bstd:60.4,StrandBias:0.1,Multiplicity:1.01
0.001	0.936	0.001	0.062
0.873	0.125	0.001	0.001
0.001	0.001	0.001	0.997
0.001	0.997	0.001	0.001
0.001	0.001	0.001	0.997
0.148	0.001	0.850	0.001
0.001	0.918	0.080	0.001
0.001	0.001	0.001	0.997
0.001	0.034	0.964	0.001
0.115	0.001	0.883	0.001
>ACCGCTGSGG	11-ACCGCTGSGG	8.699407	-48.305125	0	T:184.0(4.35%),B:901.1(1.99%),P:1e-20	Tpos:100.5,Tstd:54.6,Bpos:102.5,Bstd:61.7,StrandBias:-0.2,Multiplicity:1.02
0.595	0.001	0.288	0.116
0.001	0.997	0.001	0.001
0.173	0.714	0.001	0.112
0.175	0.001	0.823	0.001
0.001	0.926	0.001	0.072
0.308	0.017	0.001	0.674
0.001	0.001	0.997	0.001
0.207	0.397	0.259	0.137
0.072	0.001	0.926	0.001
0.001	0.053	0.945	0.001
>CAGGAAATGA	12-CAGGAAATGA	7.581469	-46.704055	0	T:350.0(8.28%),B:2213.9(4.89%),P:1e-20	Tpos:102.3,Tstd:56.2,Bpos:101.7,Bstd:60.9,StrandBias:0.0,Multiplicity:1.04
0.001	0.805	0.001	0.193
0.617	0.031	0.048	0.304
0.109	0.142	0.705	0.044
0.094	0.059	0.643	0.204
0.725	0.122	0.001	0.152
0.997	0.001	0.001	0.001
0.731	0.176	0.092	0.001
0.001	0.161	0.169	0.669
0.001	0.001	0.997	0.001
0.790	0.047	0.001	0.162
>ACTAATCCTC	13-ACTAATCCTC	11.394055	-46.663670	0	T:20.0(0.47%),B:9.9(0.02%),P:1e-20	Tpos:106.6,Tstd:57.6,Bpos:126.2,Bstd:40.0,StrandBias:-0.3,Multiplicity:1.00
0.997	0.001	0.001	0.001
0.001	0.997	0.001	0.001
0.001	0.001	0.001	0.997
0.997	0.001	0.001	0.001
0.997	0.001	0.001	0.001
0.001	0.087	0.001	0.911
0.001	0.997	0.001	0.001
0.001	0.997	0.001	0.001
0.001	0.001	0.001	0.997
0.001	0.997	0.001	0.001
>CGTCAGCCCT	14-CGTCAGCCCT	7.915610	-44.116289	0	T:176.0(4.16%),B:881.8(1.95%),P:1e-19	Tpos:103.4,Tstd:52.6,Bpos:95.7,Bstd:57.2,StrandBias:0.2,Multiplicity:1.04
0.048	0.756	0.195	0.001
0.001	0.151	0.847	0.001
0.271	0.151	0.001	0.577
0.045	0.839	0.001	0.115
0.597	0.401	0.001	0.001
0.189	0.061	0.654	0.096
0.001	0.776	0.001	0.222
0.001	0.997	0.001	0.001
0.035	0.754	0.001	0.210
0.184	0.001	0.157	0.658
>CCTTTACGGG	15-CCTTTACGGG	11.102534	-36.148872	0	T:11.0(0.26%),B:2.7(0.01%),P:1e-15	Tpos:130.8,Tstd:70.6,Bpos:135.4,Bstd:32.4,StrandBias:0.3,Multiplicity:1.00
0.001	0.997	0.001	0.001
0.001	0.997	0.001	0.001
0.065	0.001	0.001	0.933
0.001	0.001	0.001	0.997
0.001	0.001	0.001	0.997
0.997	0.001	0.001	0.001
0.001	0.997	0.001	0.001
0.001	0.001	0.997	0.001
0.001	0.001	0.997	0.001
0.001	0.001	0.997	0.001
>CAGCGAAGAC	16-CAGCGAAGAC	8.353904	-35.978383	0	T:54.0(1.28%),B:149.7(0.33%),P:1e-15	Tpos:94.9,Tstd:59.6,Bpos:99.5,Bstd:67.2,StrandBias:0.4,Multiplicity:1.06
0.001	0.997	0.001	0.001
0.997	0.001	0.001	0.001
0.001	0.001	0.997	0.001
0.001	0.997	0.001	0.001
0.104	0.001	0.894	0.001
0.898	0.060	0.001	0.041
0.970	0.001	0.028	0.001
0.001	0.001	0.997	0.001
0.997	0.001	0.001	0.001
0.001	0.997	0.001	0.001
>GGCCCCGCCC	17-GGCCCCGCCC	6.952176	-34.170544	0	T:679.0(16.06%),B:5407.2(11.94%),P:1e-14	Tpos:101.2,Tstd:56.4,Bpos:97.8,Bstd:57.6,StrandBias:0.3,Multiplicity:1.40
0.086	0.045	0.793	0.076
0.053	0.049	0.872	0.026
0.041	0.810	0.072	0.077
0.056	0.796	0.061	0.087
0.073	0.785	0.052	0.090
0.111	0.752	0.035	0.102
0.063	0.047	0.787	0.103
0.059	0.747	0.095	0.099
0.045	0.849	0.068	0.038
0.060	0.814	0.058	0.068
>GCTTTACACC	18-GCTTTACACC	10.600204	-33.850600	0	T:27.0(0.64%),B:38.6(0.09%),P:1e-14	Tpos:92.8,Tstd:56.7,Bpos:99.1,Bstd:65.0,StrandBias:-0.8,Multiplicity:1.00
0.001	0.001	0.929	0.069
0.001	0.872	0.001	0.126
0.001	0.001	0.001	0.997
0.317	0.001	0.001	0.681
0.001	0.001	0.001	0.997
0.955	0.001	0.043	0.001
0.001	0.766	0.232	0.001
0.997	0.001	0.001	0.001
0.317	0.681	0.001	0.001
0.001	0.997	0.001	0.001
>GTAAGCCTGA	19-GTAAGCCTGA	11.707270	-25.306233	0	T:10.0(0.24%),B:4.3(0.01%),P:1e-10	Tpos:120.1,Tstd:48.6,Bpos:122.1,Bstd:30.6,StrandBias:0.3,Multiplicity:1.00
0.001	0.001	0.997	0.001
0.001	0.001	0.001	0.997
0.997	0.001	0.001	0.001
0.997	0.001	0.001	0.001
0.001	0.001	0.997	0.001
0.001	0.997	0.001	0.001
0.001	0.997	0.001	0.001
0.001	0.001	0.119	0.879
0.001	0.001	0.997	0.001
0.997	0.001	0.001	0.001
>CAGTAGGTGG	20-CAGTAGGTGG	11.474255	-24.022443	0	T:18.0(0.43%),B:24.4(0.05%),P:1e-10	Tpos:107.8,Tstd:49.4,Bpos:113.2,Bstd:61.4,StrandBias:1.4,Multiplicity:1.00
0.001	0.997	0.001	0.001
0.997	0.001	0.001	0.001
0.001	0.001	0.997	0.001
0.001	0.001	0.001	0.997
0.959	0.039	0.001	0.001
0.001	0.001	0.997	0.001
0.001	0.001	0.997	0.001
0.001	0.001	0.001	0.997
0.001	0.098	0.900	0.001
0.001	0.001	0.997	0.001
>GTGATCTTCG	21-GTGATCTTCG	10.964393	-18.758960	0	T:20.0(0.47%),B:42.2(0.09%),P:1e-8	Tpos:98.4,Tstd:59.2,Bpos:98.2,Bstd:60.5,StrandBias:0.1,Multiplicity:1.35
0.001	0.001	0.584	0.414
0.001	0.001	0.001	0.997
0.001	0.001	0.997	0.001
0.584	0.001	0.001	0.414
0.001	0.001	0.001	0.997
0.001	0.997	0.001	0.001
0.001	0.001	0.001	0.997
0.001	0.001	0.001	0.997
0.001	0.833	0.001	0.165
0.001	0.001	0.997	0.001
>ACCGCTAGAC	22-ACCGCTAGAC	10.296193	-13.337145	0	T:5.0(0.12%),B:2.3(0.01%),P:1e-5	Tpos:73.7,Tstd:44.5,Bpos:60.6,Bstd:24.5,StrandBias:1.8,Multiplicity:1.80
0.700	0.100	0.100	0.100
0.100	0.700	0.100	0.100
0.100	0.700	0.100	0.100
0.100	0.100	0.700	0.100
0.100	0.700	0.100	0.100
0.100	0.100	0.100	0.700
0.700	0.100	0.100	0.100
0.100	0.100	0.700	0.100
0.700	0.100	0.100	0.100
0.100	0.700	0.100	0.100
>CATTCCATTC	23-CATTCCATTC	7.584219	-11.119940	0	T:32.0(0.76%),B:146.5(0.32%),P:1e-4	Tpos:112.6,Tstd:56.5,Bpos:98.0,Bstd:60.6,StrandBias:1.2,Multiplicity:1.87
0.001	0.997	0.001	0.001
0.954	0.001	0.044	0.001
0.001	0.001	0.001	0.997
0.001	0.001	0.001	0.997
0.001	0.997	0.001	0.001
0.001	0.882	0.033	0.084
0.966	0.001	0.032	0.001
0.001	0.001	0.001	0.997
0.166	0.001	0.001	0.832
0.001	0.913	0.085	0.001
>TGTGATATCA	24-TGTGATATCA	0.023396	-9.709937	0	T:174.0(4.12%),B:1377.8(3.04%),P:1e-4	Tpos:102.2,Tstd:55.5,Bpos:100.2,Bstd:61.0,StrandBias:-0.1,Multiplicity:1.11
0.001	0.001	0.001	0.997
0.245	0.001	0.753	0.001
0.001	0.001	0.001	0.997
0.001	0.001	0.997	0.001
0.997	0.001	0.001	0.001
0.001	0.001	0.001	0.997
0.997	0.001	0.001	0.001
0.001	0.001	0.001	0.997
0.001	0.997	0.001	0.001
0.997	0.001	0.001	0.001
>TATCTATACA	25-TATCTATACA	10.296193	-3.945651	0	T:3.0(0.07%),B:7.0(0.02%),P:1e-1	Tpos:114.6,Tstd:47.5,Bpos:104.2,Bstd:71.6,StrandBias:3.2,Multiplicity:3.33
0.100	0.100	0.100	0.700
0.700	0.100	0.100	0.100
0.100	0.100	0.100	0.700
0.100	0.700	0.100	0.100
0.100	0.100	0.100	0.700
0.700	0.100	0.100	0.100
0.100	0.100	0.100	0.700
0.700	0.100	0.100	0.100
0.100	0.700	0.100	0.100
0.700	0.100	0.100	0.100
