>ACTTCCTCTTTY	1-ACTTCCTCTTTY	8.621374	-848.510802	0	T:816.0(19.30%),B:1452.9(3.21%),P:1e-368	Tpos:98.3,Tstd:46.4,Bpos:98.6,Bstd:61.8,StrandBias:0.0,Multiplicity:1.14
0.657	0.072	0.186	0.085
0.001	0.747	0.207	0.045
0.023	0.001	0.001	0.975
0.001	0.001	0.001	0.997
0.001	0.997	0.001	0.001
0.001	0.845	0.001	0.153
0.001	0.334	0.080	0.585
0.003	0.579	0.163	0.255
0.279	0.178	0.001	0.542
0.208	0.090	0.056	0.646
0.235	0.100	0.157	0.508
0.136	0.286	0.197	0.381
>NNHTGTGGTTWN	2-NNHTGTGGTTWN	7.576169	-500.486729	0	T:848.0(20.06%),B:2631.3(5.81%),P:1e-217	Tpos:102.9,Tstd:48.9,Bpos:99.3,Bstd:62.4,StrandBias:-0.0,Multiplicity:1.20
0.186	0.241	0.314	0.259
0.189	0.278	0.209	0.324
0.247	0.288	0.099	0.367
0.196	0.001	0.001	0.802
0.001	0.001	0.997	0.001
0.001	0.099	0.001	0.899
0.001	0.001	0.997	0.001
0.001	0.001	0.997	0.001
0.001	0.104	0.158	0.737
0.139	0.215	0.126	0.520
0.362	0.061	0.202	0.375
0.223	0.313	0.200	0.264
>CCACTAGGGGGC	3-CCACTAGGGGGC	8.236615	-378.956769	0	T:426.0(10.08%),B:872.6(1.93%),P:1e-164	Tpos:101.5,Tstd:42.1,Bpos:100.2,Bstd:61.7,StrandBias:-0.1,Multiplicity:1.03
0.046	0.850	0.046	0.058
0.011	0.979	0.005	0.005
0.867	0.027	0.054	0.052
0.011	0.853	0.125	0.011
0.117	0.231	0.059	0.593
0.861	0.030	0.063	0.046
0.011	0.005	0.945	0.039
0.268	0.011	0.694	0.027
0.047	0.016	0.662	0.275
0.030	0.016	0.933	0.021
0.021	0.025	0.910	0.044
0.093	0.854	0.021	0.032
>NNBCTTATCWGT	4-NNBCTTATCWGT	7.563500	-238.346486	0	T:540.0(12.77%),B:2008.6(4.43%),P:1e-103	Tpos:101.7,Tstd:48.1,Bpos:99.6,Bstd:62.2,StrandBias:-0.0,Multiplicity:1.12
0.284	0.198	0.292	0.226
0.223	0.286	0.218	0.274
0.115	0.368	0.261	0.256
0.271	0.633	0.095	0.001
0.001	0.001	0.001	0.997
0.001	0.001	0.001	0.997
0.860	0.001	0.087	0.052
0.001	0.009	0.001	0.989
0.001	0.961	0.001	0.037
0.444	0.001	0.001	0.554
0.038	0.258	0.431	0.273
0.246	0.188	0.163	0.404
>AAVCCACTTCCT	5-AAVCCACTTCCT	9.657480	-220.618296	0	T:259.0(6.13%),B:549.7(1.21%),P:1e-95	Tpos:99.3,Tstd:52.4,Bpos:91.8,Bstd:56.5,StrandBias:0.0,Multiplicity:1.01
0.475	0.301	0.200	0.024
0.723	0.001	0.055	0.221
0.235	0.382	0.248	0.135
0.188	0.489	0.001	0.322
0.021	0.706	0.001	0.272
0.918	0.001	0.001	0.080
0.001	0.796	0.001	0.202
0.113	0.013	0.001	0.873
0.001	0.001	0.004	0.994
0.001	0.828	0.027	0.144
0.001	0.997	0.001	0.001
0.001	0.072	0.001	0.926
>TRATGASTCATH	6-TRATGASTCATH	7.721599	-160.643032	0	T:375.0(8.87%),B:1408.0(3.11%),P:1e-69	Tpos:101.1,Tstd:48.7,Bpos:98.2,Bstd:63.1,StrandBias:0.1,Multiplicity:1.07
0.276	0.012	0.254	0.458
0.267	0.164	0.409	0.160
0.454	0.287	0.172	0.087
0.104	0.001	0.011	0.884
0.045	0.041	0.867	0.047
0.931	0.001	0.001	0.067
0.029	0.401	0.466	0.104
0.028	0.001	0.001	0.970
0.001	0.997	0.001	0.001
0.962	0.001	0.001	0.036
0.092	0.150	0.275	0.482
0.249	0.222	0.169	0.359
>AAAAGCAGAAGT	7-AAAAGCAGAAGT	9.237851	-140.064676	0	T:209.0(4.94%),B:557.1(1.23%),P:1e-60	Tpos:104.3,Tstd:48.4,Bpos:97.6,Bstd:62.7,StrandBias:-0.1,Multiplicity:1.11
0.795	0.050	0.093	0.062
0.794	0.077	0.096	0.033
0.838	0.059	0.025	0.078
0.845	0.025	0.037	0.093
0.109	0.031	0.808	0.052
0.035	0.800	0.101	0.064
0.933	0.008	0.017	0.042
0.031	0.045	0.882	0.042
0.865	0.027	0.042	0.066
0.850	0.001	0.025	0.124
0.033	0.091	0.859	0.017
0.051	0.157	0.057	0.735
>AACAGGAAGCAG	8-AACAGGAAGCAG	8.586055	-100.541289	0	T:450.0(10.64%),B:2372.9(5.24%),P:1e-43	Tpos:98.3,Tstd:52.7,Bpos:100.2,Bstd:63.4,StrandBias:-0.1,Multiplicity:1.06
0.646	0.017	0.193	0.144
0.485	0.093	0.181	0.242
0.148	0.688	0.159	0.005
0.986	0.001	0.001	0.012
0.052	0.001	0.946	0.001
0.058	0.082	0.817	0.043
0.884	0.070	0.045	0.001
0.904	0.005	0.086	0.005
0.288	0.175	0.513	0.024
0.240	0.712	0.039	0.009
0.828	0.005	0.005	0.162
0.159	0.084	0.664	0.093
>GGTTTTACACCC	9-GGTTTTACACCC	12.746342	-66.819880	0	T:18.0(0.43%),B:2.8(0.01%),P:1e-29	Tpos:105.2,Tstd:54.2,Bpos:75.7,Bstd:55.2,StrandBias:-0.5,Multiplicity:1.00
0.001	0.001	0.997	0.001
0.001	0.001	0.997	0.001
0.001	0.269	0.226	0.504
0.001	0.001	0.001	0.997
0.001	0.001	0.001	0.997
0.226	0.226	0.001	0.547
0.997	0.001	0.001	0.001
0.001	0.997	0.001	0.001
0.730	0.001	0.001	0.268
0.001	0.997	0.001	0.001
0.001	0.772	0.226	0.001
0.272	0.475	0.252	0.001
>ACTAATCCTCCT	10-ACTAATCCTCCT	12.355432	-63.585308	0	T:15.0(0.35%),B:1.2(0.00%),P:1e-27	Tpos:91.5,Tstd:56.0,Bpos:150.0,Bstd:0.0,StrandBias:0.2,Multiplicity:1.00
0.700	0.100	0.100	0.100
0.100	0.700	0.100	0.100
0.100	0.100	0.100	0.700
0.700	0.100	0.100	0.100
0.700	0.100	0.100	0.100
0.100	0.100	0.100	0.700
0.100	0.700	0.100	0.100
0.100	0.700	0.100	0.100
0.100	0.100	0.100	0.700
0.100	0.700	0.100	0.100
0.100	0.700	0.100	0.100
0.100	0.100	0.100	0.700
>ASACATTCCATT	11-ASACATTCCATT	11.341646	-53.487811	0	T:13.0(0.31%),B:1.3(0.00%),P:1e-23	Tpos:118.2,Tstd:49.2,Bpos:116.3,Bstd:12.5,StrandBias:1.4,Multiplicity:1.38
0.815	0.001	0.001	0.183
0.068	0.424	0.476	0.032
0.883	0.001	0.001	0.115
0.005	0.741	0.138	0.116
0.762	0.100	0.001	0.137
0.170	0.011	0.145	0.674
0.137	0.110	0.110	0.643
0.209	0.511	0.143	0.137
0.152	0.690	0.016	0.142
0.711	0.121	0.063	0.105
0.005	0.005	0.172	0.818
0.328	0.079	0.107	0.487
>GGTTTTGCAACA	12-GGTTTTGCAACA	9.499611	-50.950810	0	T:67.0(1.58%),B:162.7(0.36%),P:1e-22	Tpos:98.0,Tstd:45.2,Bpos:99.1,Bstd:63.7,StrandBias:0.5,Multiplicity:1.07
0.070	0.012	0.829	0.089
0.082	0.094	0.777	0.047
0.001	0.047	0.047	0.905
0.017	0.069	0.044	0.870
0.059	0.051	0.091	0.799
0.094	0.012	0.087	0.807
0.071	0.041	0.873	0.015
0.084	0.825	0.032	0.059
0.852	0.089	0.012	0.047
0.882	0.038	0.036	0.044
0.094	0.792	0.044	0.070
0.790	0.071	0.023	0.116
>CTCAACTGCAAA	13-CTCAACTGCAAA	13.297220	-50.638467	0	T:17.0(0.40%),B:4.3(0.01%),P:1e-21	Tpos:87.9,Tstd:52.9,Bpos:91.5,Bstd:84.4,StrandBias:-0.3,Multiplicity:1.06
0.062	0.875	0.062	0.001
0.062	0.062	0.062	0.814
0.062	0.875	0.062	0.001
0.937	0.001	0.061	0.001
0.937	0.001	0.061	0.001
0.001	0.997	0.001	0.001
0.062	0.355	0.062	0.521
0.062	0.062	0.875	0.001
0.001	0.875	0.001	0.123
0.937	0.001	0.001	0.061
0.522	0.062	0.124	0.292
0.875	0.001	0.062	0.062
>GCACAGACCCTT	14-GCACAGACCCTT	12.355432	-48.884685	0	T:14.0(0.33%),B:2.6(0.01%),P:1e-21	Tpos:111.0,Tstd:61.9,Bpos:124.2,Bstd:21.7,StrandBias:0.4,Multiplicity:1.00
0.100	0.100	0.700	0.100
0.100	0.700	0.100	0.100
0.700	0.100	0.100	0.100
0.100	0.700	0.100	0.100
0.700	0.100	0.100	0.100
0.100	0.100	0.700	0.100
0.700	0.100	0.100	0.100
0.100	0.700	0.100	0.100
0.100	0.700	0.100	0.100
0.100	0.700	0.100	0.100
0.100	0.100	0.100	0.700
0.100	0.100	0.100	0.700
>ATCAAGACAATA	15-ATCAAGACAATA	13.723061	-48.547926	0	T:12.0(0.28%),B:1.4(0.00%),P:1e-21	Tpos:103.9,Tstd:53.4,Bpos:110.0,Bstd:0.0,StrandBias:-0.5,Multiplicity:1.00
0.934	0.064	0.001	0.001
0.001	0.001	0.001	0.997
0.001	0.997	0.001	0.001
0.997	0.001	0.001	0.001
0.997	0.001	0.001	0.001
0.001	0.001	0.997	0.001
0.997	0.001	0.001	0.001
0.001	0.934	0.001	0.064
0.997	0.001	0.001	0.001
0.934	0.001	0.064	0.001
0.001	0.001	0.001	0.997
0.997	0.001	0.001	0.001
>TATGTTCAGCGG	16-TATGTTCAGCGG	11.100915	-35.536222	0	T:12.0(0.28%),B:3.1(0.01%),P:1e-15	Tpos:102.1,Tstd:60.8,Bpos:98.4,Bstd:55.2,StrandBias:0.5,Multiplicity:1.00
0.064	0.066	0.122	0.748
0.712	0.089	0.111	0.088
0.076	0.052	0.093	0.779
0.052	0.082	0.738	0.128
0.099	0.093	0.070	0.738
0.064	0.070	0.120	0.746
0.082	0.795	0.082	0.041
0.855	0.017	0.018	0.110
0.070	0.058	0.814	0.058
0.182	0.585	0.140	0.093
0.093	0.047	0.712	0.148
0.064	0.082	0.778	0.076
>TGTGATCTTTGT	17-TGTGATCTTTGT	14.069198	-33.850875	0	T:14.0(0.33%),B:6.9(0.02%),P:1e-14	Tpos:103.3,Tstd:55.8,Bpos:88.8,Bstd:66.2,StrandBias:-0.2,Multiplicity:1.36
0.001	0.001	0.001	0.997
0.001	0.045	0.953	0.001
0.001	0.001	0.045	0.953
0.001	0.001	0.997	0.001
0.997	0.001	0.001	0.001
0.001	0.046	0.105	0.848
0.001	0.997	0.001	0.001
0.001	0.001	0.001	0.997
0.001	0.001	0.001	0.997
0.001	0.001	0.001	0.997
0.046	0.001	0.907	0.046
0.046	0.046	0.001	0.907
>TGATATCACAGT	18-TGATATCACAGT	6.855580	-30.797773	0	T:449.0(10.62%),B:3363.6(7.42%),P:1e-13	Tpos:97.8,Tstd:56.5,Bpos:99.0,Bstd:63.9,StrandBias:-0.1,Multiplicity:1.09
0.119	0.020	0.083	0.778
0.081	0.099	0.730	0.090
0.758	0.067	0.067	0.108
0.099	0.108	0.079	0.714
0.710	0.092	0.102	0.096
0.101	0.070	0.099	0.730
0.083	0.778	0.072	0.067
0.796	0.040	0.036	0.128
0.079	0.740	0.101	0.080
0.829	0.016	0.043	0.112
0.081	0.115	0.708	0.096
0.124	0.072	0.076	0.728
>ACCCCGAGACCA	19-ACCCCGAGACCA	12.905887	-27.475594	0	T:12.0(0.28%),B:6.0(0.01%),P:1e-11	Tpos:97.0,Tstd:51.3,Bpos:129.6,Bstd:18.8,StrandBias:2.2,Multiplicity:1.92
0.997	0.001	0.001	0.001
0.001	0.997	0.001	0.001
0.001	0.627	0.003	0.369
0.001	0.770	0.228	0.001
0.001	0.814	0.001	0.184
0.001	0.001	0.585	0.413
0.811	0.001	0.001	0.187
0.001	0.001	0.997	0.001
0.997	0.001	0.001	0.001
0.001	0.627	0.184	0.188
0.001	0.997	0.001	0.001
0.997	0.001	0.001	0.001
>CCCACATCCTCT	20-CCCACATCCTCT	13.835272	-27.058675	0	T:13.0(0.31%),B:8.3(0.02%),P:1e-11	Tpos:133.8,Tstd:42.7,Bpos:55.4,Bstd:32.5,StrandBias:0.2,Multiplicity:1.00
0.001	0.997	0.001	0.001
0.001	0.997	0.001	0.001
0.001	0.997	0.001	0.001
0.997	0.001	0.001	0.001
0.001	0.925	0.001	0.073
0.997	0.001	0.001	0.001
0.001	0.001	0.001	0.997
0.001	0.997	0.001	0.001
0.001	0.925	0.001	0.073
0.001	0.001	0.001	0.997
0.001	0.925	0.073	0.001
0.001	0.001	0.001	0.997
>CTGGTCATTAAC	21-CTGGTCATTAAC	13.239772	-22.012812	0	T:9.0(0.21%),B:4.8(0.01%),P:1e-9	Tpos:96.3,Tstd:48.9,Bpos:100.7,Bstd:61.1,StrandBias:0.2,Multiplicity:1.86
0.001	0.706	0.292	0.001
0.001	0.001	0.292	0.706
0.001	0.001	0.997	0.001
0.001	0.001	0.997	0.001
0.001	0.292	0.001	0.706
0.001	0.997	0.001	0.001
0.997	0.001	0.001	0.001
0.001	0.001	0.001	0.997
0.001	0.402	0.001	0.596
0.997	0.001	0.001	0.001
0.585	0.001	0.413	0.001
0.001	0.997	0.001	0.001
>AGGGAAGCTCGT	22-AGGGAAGCTCGT	10.798059	-21.043160	0	T:8.0(0.19%),B:3.8(0.01%),P:1e-9	Tpos:109.8,Tstd:50.2,Bpos:148.1,Bstd:23.4,StrandBias:2.0,Multiplicity:1.88
0.997	0.001	0.001	0.001
0.001	0.001	0.997	0.001
0.013	0.001	0.707	0.279
0.001	0.001	0.997	0.001
0.997	0.001	0.001	0.001
0.997	0.001	0.001	0.001
0.001	0.001	0.997	0.001
0.206	0.792	0.001	0.001
0.001	0.001	0.001	0.997
0.001	0.997	0.001	0.001
0.001	0.291	0.707	0.001
0.001	0.001	0.001	0.997
>GTGAGGTTTTCA	23-GTGAGGTTTTCA	13.715349	-18.530549	0	T:9.0(0.21%),B:6.3(0.01%),P:1e-8	Tpos:91.4,Tstd:53.9,Bpos:80.0,Bstd:54.3,StrandBias:2.1,Multiplicity:1.78
0.001	0.001	0.997	0.001
0.001	0.001	0.001	0.997
0.001	0.001	0.997	0.001
0.647	0.351	0.001	0.001
0.001	0.001	0.997	0.001
0.001	0.001	0.997	0.001
0.001	0.001	0.001	0.997
0.001	0.001	0.423	0.575
0.001	0.001	0.351	0.647
0.001	0.001	0.423	0.575
0.001	0.997	0.001	0.001
0.997	0.001	0.001	0.001
>CCTGGCCCTGCC	24-CCTGGCCCTGCC	7.043601	-15.387072	0	T:668.0(15.80%),B:5931.7(13.09%),P:1e-6	Tpos:99.2,Tstd:57.5,Bpos:99.4,Bstd:60.1,StrandBias:0.3,Multiplicity:1.31
0.052	0.769	0.069	0.110
0.070	0.768	0.055	0.107
0.119	0.102	0.067	0.712
0.077	0.091	0.737	0.095
0.086	0.102	0.740	0.072
0.071	0.781	0.080	0.068
0.097	0.777	0.058	0.068
0.086	0.761	0.059	0.094
0.092	0.104	0.090	0.714
0.087	0.087	0.730	0.096
0.077	0.728	0.097	0.098
0.072	0.785	0.059	0.084
>ATTCCATTCCAT	25-ATTCCATTCCAT	15.987443	-5.498533	0	T:2.0(0.05%),B:1.8(0.00%),P:1e-2	Tpos:82.8,Tstd:50.7,Bpos:55.0,Bstd:55.6,StrandBias:1.6,Multiplicity:3.00
0.962	0.001	0.036	0.001
0.001	0.001	0.036	0.962
0.001	0.001	0.001	0.997
0.001	0.925	0.037	0.037
0.001	0.935	0.037	0.027
0.962	0.001	0.036	0.001
0.001	0.001	0.036	0.962
0.001	0.001	0.001	0.997
0.001	0.925	0.037	0.037
0.037	0.889	0.037	0.037
0.898	0.001	0.037	0.064
0.001	0.001	0.036	0.962
