>ACTTCCTCTT	1-ACTTCCTCTT	7.830694	-681.534956	0	T:940.0(22.23%),B:2474.2(5.46%),P:1e-295	Tpos:99.8,Tstd:47.9,Bpos:98.5,Bstd:62.7,StrandBias:0.1,Multiplicity:1.18
0.813	0.021	0.125	0.041
0.018	0.765	0.179	0.038
0.033	0.002	0.021	0.944
0.023	0.009	0.006	0.962
0.001	0.985	0.005	0.009
0.001	0.870	0.024	0.105
0.008	0.316	0.086	0.590
0.041	0.659	0.123	0.177
0.252	0.097	0.026	0.625
0.150	0.024	0.036	0.790
>TAACCACAAN	2-TAACCACAAN	6.454544	-534.298394	0	T:1329.0(31.43%),B:5591.1(12.34%),P:1e-232	Tpos:102.3,Tstd:49.6,Bpos:98.3,Bstd:63.9,StrandBias:0.0,Multiplicity:1.26
0.333	0.121	0.035	0.511
0.545	0.053	0.280	0.122
0.670	0.113	0.201	0.016
0.001	0.973	0.022	0.004
0.019	0.950	0.019	0.012
0.845	0.001	0.093	0.061
0.028	0.879	0.080	0.013
0.654	0.046	0.083	0.217
0.477	0.044	0.315	0.164
0.209	0.205	0.342	0.244
>NSRCTTCCTS	3-NSRCTTCCTS	7.272414	-403.008845	0	T:1373.0(32.47%),B:6829.3(15.08%),P:1e-175	Tpos:101.9,Tstd:52.1,Bpos:99.1,Bstd:61.4,StrandBias:0.0,Multiplicity:1.14
0.184	0.301	0.208	0.306
0.158	0.282	0.371	0.189
0.459	0.001	0.519	0.021
0.001	0.592	0.001	0.406
0.001	0.001	0.001	0.997
0.001	0.001	0.155	0.843
0.001	0.962	0.001	0.036
0.001	0.997	0.001	0.001
0.024	0.001	0.329	0.646
0.037	0.313	0.429	0.220
>TTCCKCTTTY	4-TTCCKCTTTY	6.526869	-363.072929	0	T:605.0(14.31%),B:1813.3(4.00%),P:1e-157	Tpos:98.3,Tstd:50.4,Bpos:100.2,Bstd:59.7,StrandBias:0.1,Multiplicity:1.08
0.259	0.011	0.002	0.728
0.004	0.065	0.160	0.771
0.284	0.445	0.239	0.032
0.004	0.622	0.188	0.186
0.008	0.260	0.428	0.304
0.010	0.559	0.381	0.050
0.235	0.192	0.011	0.562
0.122	0.018	0.276	0.584
0.064	0.170	0.234	0.532
0.011	0.347	0.217	0.425
>BCTTATCTBT	5-BCTTATCTBT	3.346604	-356.708238	0	T:961.0(22.73%),B:4097.2(9.04%),P:1e-154	Tpos:99.8,Tstd:50.1,Bpos:100.9,Bstd:61.8,StrandBias:0.0,Multiplicity:1.19
0.001	0.365	0.278	0.356
0.001	0.579	0.127	0.293
0.001	0.001	0.001	0.997
0.001	0.001	0.001	0.997
0.997	0.001	0.001	0.001
0.001	0.001	0.001	0.997
0.001	0.997	0.001	0.001
0.164	0.001	0.001	0.834
0.056	0.323	0.327	0.293
0.191	0.203	0.197	0.408
>CCCCCTAGTG	6-CCCCCTAGTG	8.477771	-228.502958	0	T:210.0(4.97%),B:335.7(0.74%),P:1e-99	Tpos:104.5,Tstd:45.9,Bpos:98.7,Bstd:60.0,StrandBias:0.2,Multiplicity:1.03
0.001	0.993	0.005	0.001
0.010	0.955	0.015	0.020
0.035	0.955	0.001	0.009
0.010	0.681	0.014	0.295
0.001	0.997	0.001	0.001
0.001	0.001	0.001	0.997
0.661	0.001	0.250	0.088
0.001	0.023	0.975	0.001
0.027	0.008	0.016	0.949
0.006	0.001	0.992	0.001
>GMTGASTCAT	7-GMTGASTCAT	7.450385	-150.843726	0	T:347.0(8.21%),B:1288.6(2.84%),P:1e-65	Tpos:104.0,Tstd:50.2,Bpos:98.3,Bstd:63.8,StrandBias:0.0,Multiplicity:1.06
0.221	0.178	0.441	0.161
0.434	0.326	0.119	0.121
0.061	0.001	0.001	0.937
0.070	0.004	0.676	0.250
0.851	0.054	0.001	0.094
0.088	0.391	0.426	0.095
0.001	0.001	0.018	0.980
0.171	0.781	0.047	0.001
0.924	0.001	0.063	0.012
0.061	0.165	0.262	0.512
>DVTTDYGBAA	8-DVTTDYGBAA	6.181445	-101.618413	0	T:613.0(14.50%),B:3641.5(8.04%),P:1e-44	Tpos:100.3,Tstd:52.8,Bpos:100.1,Bstd:61.0,StrandBias:-0.1,Multiplicity:1.11
0.232	0.171	0.343	0.254
0.379	0.265	0.355	0.001
0.001	0.024	0.001	0.974
0.001	0.001	0.327	0.671
0.307	0.064	0.377	0.252
0.164	0.385	0.168	0.283
0.327	0.099	0.508	0.066
0.184	0.336	0.187	0.293
0.997	0.001	0.001	0.001
0.918	0.055	0.001	0.026
>STGCGGTCYG	9-STGCGGTCYG	5.993729	-56.057906	0	T:186.0(4.40%),B:851.3(1.88%),P:1e-24	Tpos:108.5,Tstd:52.4,Bpos:98.8,Bstd:59.7,StrandBias:-0.4,Multiplicity:1.07
0.001	0.340	0.418	0.241
0.001	0.001	0.001	0.997
0.240	0.001	0.758	0.001
0.001	0.970	0.001	0.028
0.001	0.001	0.997	0.001
0.001	0.001	0.997	0.001
0.270	0.010	0.001	0.719
0.001	0.794	0.029	0.176
0.001	0.482	0.001	0.516
0.328	0.001	0.670	0.001
>CATCTGCTGG	10-CATCTGCTGG	9.453377	-49.269263	0	T:87.0(2.06%),B:270.7(0.60%),P:1e-21	Tpos:100.3,Tstd:45.5,Bpos:99.7,Bstd:60.4,StrandBias:0.1,Multiplicity:1.01
0.001	0.936	0.001	0.062
0.873	0.125	0.001	0.001
0.001	0.001	0.001	0.997
0.001	0.997	0.001	0.001
0.001	0.001	0.001	0.997
0.148	0.001	0.850	0.001
0.001	0.918	0.080	0.001
0.001	0.001	0.001	0.997
0.001	0.034	0.964	0.001
0.115	0.001	0.883	0.001
>ACCGCTGSGG	11-ACCGCTGSGG	8.699407	-48.305125	0	T:184.0(4.35%),B:901.1(1.99%),P:1e-20	Tpos:100.5,Tstd:54.6,Bpos:102.5,Bstd:61.7,StrandBias:-0.2,Multiplicity:1.02
0.595	0.001	0.288	0.116
0.001	0.997	0.001	0.001
0.173	0.714	0.001	0.112
0.175	0.001	0.823	0.001
0.001	0.926	0.001	0.072
0.308	0.017	0.001	0.674
0.001	0.001	0.997	0.001
0.207	0.397	0.259	0.137
0.072	0.001	0.926	0.001
0.001	0.053	0.945	0.001
>CAGGAAATGA	12-CAGGAAATGA	7.581469	-46.704055	0	T:350.0(8.28%),B:2213.9(4.89%),P:1e-20	Tpos:102.3,Tstd:56.2,Bpos:101.7,Bstd:60.9,StrandBias:0.0,Multiplicity:1.04
0.001	0.805	0.001	0.193
0.617	0.031	0.048	0.304
0.109	0.142	0.705	0.044
0.094	0.059	0.643	0.204
0.725	0.122	0.001	0.152
0.997	0.001	0.001	0.001
0.731	0.176	0.092	0.001
0.001	0.161	0.169	0.669
0.001	0.001	0.997	0.001
0.790	0.047	0.001	0.162
>ACTAATCCTC	13-ACTAATCCTC	11.394055	-46.663670	0	T:20.0(0.47%),B:9.9(0.02%),P:1e-20	Tpos:106.6,Tstd:57.6,Bpos:126.2,Bstd:40.0,StrandBias:-0.3,Multiplicity:1.00
0.997	0.001	0.001	0.001
0.001	0.997	0.001	0.001
0.001	0.001	0.001	0.997
0.997	0.001	0.001	0.001
0.997	0.001	0.001	0.001
0.001	0.087	0.001	0.911
0.001	0.997	0.001	0.001
0.001	0.997	0.001	0.001
0.001	0.001	0.001	0.997
0.001	0.997	0.001	0.001
>CGTCAGCCCT	14-CGTCAGCCCT	7.915610	-44.116289	0	T:176.0(4.16%),B:881.8(1.95%),P:1e-19	Tpos:103.4,Tstd:52.6,Bpos:95.7,Bstd:57.2,StrandBias:0.2,Multiplicity:1.04
0.048	0.756	0.195	0.001
0.001	0.151	0.847	0.001
0.271	0.151	0.001	0.577
0.045	0.839	0.001	0.115
0.597	0.401	0.001	0.001
0.189	0.061	0.654	0.096
0.001	0.776	0.001	0.222
0.001	0.997	0.001	0.001
0.035	0.754	0.001	0.210
0.184	0.001	0.157	0.658
>CCTTTACGGG	15-CCTTTACGGG	11.102534	-36.148872	0	T:11.0(0.26%),B:2.7(0.01%),P:1e-15	Tpos:130.8,Tstd:70.6,Bpos:135.4,Bstd:32.4,StrandBias:0.3,Multiplicity:1.00
0.001	0.997	0.001	0.001
0.001	0.997	0.001	0.001
0.065	0.001	0.001	0.933
0.001	0.001	0.001	0.997
0.001	0.001	0.001	0.997
0.997	0.001	0.001	0.001
0.001	0.997	0.001	0.001
0.001	0.001	0.997	0.001
0.001	0.001	0.997	0.001
0.001	0.001	0.997	0.001
>CAGCGAAGAC	16-CAGCGAAGAC	8.353904	-35.978383	0	T:54.0(1.28%),B:149.7(0.33%),P:1e-15	Tpos:94.9,Tstd:59.6,Bpos:99.5,Bstd:67.2,StrandBias:0.4,Multiplicity:1.06
0.001	0.997	0.001	0.001
0.997	0.001	0.001	0.001
0.001	0.001	0.997	0.001
0.001	0.997	0.001	0.001
0.104	0.001	0.894	0.001
0.898	0.060	0.001	0.041
0.970	0.001	0.028	0.001
0.001	0.001	0.997	0.001
0.997	0.001	0.001	0.001
0.001	0.997	0.001	0.001
>GGCCCCGCCC	17-GGCCCCGCCC	6.952176	-34.170544	0	T:679.0(16.06%),B:5407.2(11.94%),P:1e-14	Tpos:101.2,Tstd:56.4,Bpos:97.8,Bstd:57.6,StrandBias:0.3,Multiplicity:1.40
0.086	0.045	0.793	0.076
0.053	0.049	0.872	0.026
0.041	0.810	0.072	0.077
0.056	0.796	0.061	0.087
0.073	0.785	0.052	0.090
0.111	0.752	0.035	0.102
0.063	0.047	0.787	0.103
0.059	0.747	0.095	0.099
0.045	0.849	0.068	0.038
0.060	0.814	0.058	0.068
>GCTTTACACC	18-GCTTTACACC	10.600204	-33.850600	0	T:27.0(0.64%),B:38.6(0.09%),P:1e-14	Tpos:92.8,Tstd:56.7,Bpos:99.1,Bstd:65.0,StrandBias:-0.8,Multiplicity:1.00
0.001	0.001	0.929	0.069
0.001	0.872	0.001	0.126
0.001	0.001	0.001	0.997
0.317	0.001	0.001	0.681
0.001	0.001	0.001	0.997
0.955	0.001	0.043	0.001
0.001	0.766	0.232	0.001
0.997	0.001	0.001	0.001
0.317	0.681	0.001	0.001
0.001	0.997	0.001	0.001
>GTAAGCCTGA	19-GTAAGCCTGA	11.707270	-25.306233	0	T:10.0(0.24%),B:4.3(0.01%),P:1e-10	Tpos:120.1,Tstd:48.6,Bpos:122.1,Bstd:30.6,StrandBias:0.3,Multiplicity:1.00
0.001	0.001	0.997	0.001
0.001	0.001	0.001	0.997
0.997	0.001	0.001	0.001
0.997	0.001	0.001	0.001
0.001	0.001	0.997	0.001
0.001	0.997	0.001	0.001
0.001	0.997	0.001	0.001
0.001	0.001	0.119	0.879
0.001	0.001	0.997	0.001
0.997	0.001	0.001	0.001
>CAGTAGGTGG	20-CAGTAGGTGG	11.474255	-24.022443	0	T:18.0(0.43%),B:24.4(0.05%),P:1e-10	Tpos:107.8,Tstd:49.4,Bpos:113.2,Bstd:61.4,StrandBias:1.4,Multiplicity:1.00
0.001	0.997	0.001	0.001
0.997	0.001	0.001	0.001
0.001	0.001	0.997	0.001
0.001	0.001	0.001	0.997
0.959	0.039	0.001	0.001
0.001	0.001	0.997	0.001
0.001	0.001	0.997	0.001
0.001	0.001	0.001	0.997
0.001	0.098	0.900	0.001
0.001	0.001	0.997	0.001
>GTGATCTTCG	21-GTGATCTTCG	10.964393	-18.758960	0	T:20.0(0.47%),B:42.2(0.09%),P:1e-8	Tpos:98.4,Tstd:59.2,Bpos:98.2,Bstd:60.5,StrandBias:0.1,Multiplicity:1.35
0.001	0.001	0.584	0.414
0.001	0.001	0.001	0.997
0.001	0.001	0.997	0.001
0.584	0.001	0.001	0.414
0.001	0.001	0.001	0.997
0.001	0.997	0.001	0.001
0.001	0.001	0.001	0.997
0.001	0.001	0.001	0.997
0.001	0.833	0.001	0.165
0.001	0.001	0.997	0.001
>ACCGCTAGAC	22-ACCGCTAGAC	10.296193	-13.337145	0	T:5.0(0.12%),B:2.3(0.01%),P:1e-5	Tpos:73.7,Tstd:44.5,Bpos:60.6,Bstd:24.5,StrandBias:1.8,Multiplicity:1.80
0.700	0.100	0.100	0.100
0.100	0.700	0.100	0.100
0.100	0.700	0.100	0.100
0.100	0.100	0.700	0.100
0.100	0.700	0.100	0.100
0.100	0.100	0.100	0.700
0.700	0.100	0.100	0.100
0.100	0.100	0.700	0.100
0.700	0.100	0.100	0.100
0.100	0.700	0.100	0.100
>CATTCCATTC	23-CATTCCATTC	7.584219	-11.119940	0	T:32.0(0.76%),B:146.5(0.32%),P:1e-4	Tpos:112.6,Tstd:56.5,Bpos:98.0,Bstd:60.6,StrandBias:1.2,Multiplicity:1.87
0.001	0.997	0.001	0.001
0.954	0.001	0.044	0.001
0.001	0.001	0.001	0.997
0.001	0.001	0.001	0.997
0.001	0.997	0.001	0.001
0.001	0.882	0.033	0.084
0.966	0.001	0.032	0.001
0.001	0.001	0.001	0.997
0.166	0.001	0.001	0.832
0.001	0.913	0.085	0.001
>TGTGATATCA	24-TGTGATATCA	0.023396	-9.709937	0	T:174.0(4.12%),B:1377.8(3.04%),P:1e-4	Tpos:102.2,Tstd:55.5,Bpos:100.2,Bstd:61.0,StrandBias:-0.1,Multiplicity:1.11
0.001	0.001	0.001	0.997
0.245	0.001	0.753	0.001
0.001	0.001	0.001	0.997
0.001	0.001	0.997	0.001
0.997	0.001	0.001	0.001
0.001	0.001	0.001	0.997
0.997	0.001	0.001	0.001
0.001	0.001	0.001	0.997
0.001	0.997	0.001	0.001
0.997	0.001	0.001	0.001
>TATCTATACA	25-TATCTATACA	10.296193	-3.945651	0	T:3.0(0.07%),B:7.0(0.02%),P:1e-1	Tpos:114.6,Tstd:47.5,Bpos:104.2,Bstd:71.6,StrandBias:3.2,Multiplicity:3.33
0.100	0.100	0.100	0.700
0.700	0.100	0.100	0.100
0.100	0.100	0.100	0.700
0.100	0.700	0.100	0.100
0.100	0.100	0.100	0.700
0.700	0.100	0.100	0.100
0.100	0.100	0.100	0.700
0.700	0.100	0.100	0.100
0.100	0.700	0.100	0.100
0.700	0.100	0.100	0.100
>ACTTCCTCTTTY	1-ACTTCCTCTTTY	8.621374	-848.510802	0	T:816.0(19.30%),B:1452.9(3.21%),P:1e-368	Tpos:98.3,Tstd:46.4,Bpos:98.6,Bstd:61.8,StrandBias:0.0,Multiplicity:1.14
0.657	0.072	0.186	0.085
0.001	0.747	0.207	0.045
0.023	0.001	0.001	0.975
0.001	0.001	0.001	0.997
0.001	0.997	0.001	0.001
0.001	0.845	0.001	0.153
0.001	0.334	0.080	0.585
0.003	0.579	0.163	0.255
0.279	0.178	0.001	0.542
0.208	0.090	0.056	0.646
0.235	0.100	0.157	0.508
0.136	0.286	0.197	0.381
>NNHTGTGGTTWN	2-NNHTGTGGTTWN	7.576169	-500.486729	0	T:848.0(20.06%),B:2631.3(5.81%),P:1e-217	Tpos:102.9,Tstd:48.9,Bpos:99.3,Bstd:62.4,StrandBias:-0.0,Multiplicity:1.20
0.186	0.241	0.314	0.259
0.189	0.278	0.209	0.324
0.247	0.288	0.099	0.367
0.196	0.001	0.001	0.802
0.001	0.001	0.997	0.001
0.001	0.099	0.001	0.899
0.001	0.001	0.997	0.001
0.001	0.001	0.997	0.001
0.001	0.104	0.158	0.737
0.139	0.215	0.126	0.520
0.362	0.061	0.202	0.375
0.223	0.313	0.200	0.264
>CCACTAGGGGGC	3-CCACTAGGGGGC	8.236615	-378.956769	0	T:426.0(10.08%),B:872.6(1.93%),P:1e-164	Tpos:101.5,Tstd:42.1,Bpos:100.2,Bstd:61.7,StrandBias:-0.1,Multiplicity:1.03
0.046	0.850	0.046	0.058
0.011	0.979	0.005	0.005
0.867	0.027	0.054	0.052
0.011	0.853	0.125	0.011
0.117	0.231	0.059	0.593
0.861	0.030	0.063	0.046
0.011	0.005	0.945	0.039
0.268	0.011	0.694	0.027
0.047	0.016	0.662	0.275
0.030	0.016	0.933	0.021
0.021	0.025	0.910	0.044
0.093	0.854	0.021	0.032
>NNBCTTATCWGT	4-NNBCTTATCWGT	7.563500	-238.346486	0	T:540.0(12.77%),B:2008.6(4.43%),P:1e-103	Tpos:101.7,Tstd:48.1,Bpos:99.6,Bstd:62.2,StrandBias:-0.0,Multiplicity:1.12
0.284	0.198	0.292	0.226
0.223	0.286	0.218	0.274
0.115	0.368	0.261	0.256
0.271	0.633	0.095	0.001
0.001	0.001	0.001	0.997
0.001	0.001	0.001	0.997
0.860	0.001	0.087	0.052
0.001	0.009	0.001	0.989
0.001	0.961	0.001	0.037
0.444	0.001	0.001	0.554
0.038	0.258	0.431	0.273
0.246	0.188	0.163	0.404
>AAVCCACTTCCT	5-AAVCCACTTCCT	9.657480	-220.618296	0	T:259.0(6.13%),B:549.7(1.21%),P:1e-95	Tpos:99.3,Tstd:52.4,Bpos:91.8,Bstd:56.5,StrandBias:0.0,Multiplicity:1.01
0.475	0.301	0.200	0.024
0.723	0.001	0.055	0.221
0.235	0.382	0.248	0.135
0.188	0.489	0.001	0.322
0.021	0.706	0.001	0.272
0.918	0.001	0.001	0.080
0.001	0.796	0.001	0.202
0.113	0.013	0.001	0.873
0.001	0.001	0.004	0.994
0.001	0.828	0.027	0.144
0.001	0.997	0.001	0.001
0.001	0.072	0.001	0.926
>TRATGASTCATH	6-TRATGASTCATH	7.721599	-160.643032	0	T:375.0(8.87%),B:1408.0(3.11%),P:1e-69	Tpos:101.1,Tstd:48.7,Bpos:98.2,Bstd:63.1,StrandBias:0.1,Multiplicity:1.07
0.276	0.012	0.254	0.458
0.267	0.164	0.409	0.160
0.454	0.287	0.172	0.087
0.104	0.001	0.011	0.884
0.045	0.041	0.867	0.047
0.931	0.001	0.001	0.067
0.029	0.401	0.466	0.104
0.028	0.001	0.001	0.970
0.001	0.997	0.001	0.001
0.962	0.001	0.001	0.036
0.092	0.150	0.275	0.482
0.249	0.222	0.169	0.359
>AAAAGCAGAAGT	7-AAAAGCAGAAGT	9.237851	-140.064676	0	T:209.0(4.94%),B:557.1(1.23%),P:1e-60	Tpos:104.3,Tstd:48.4,Bpos:97.6,Bstd:62.7,StrandBias:-0.1,Multiplicity:1.11
0.795	0.050	0.093	0.062
0.794	0.077	0.096	0.033
0.838	0.059	0.025	0.078
0.845	0.025	0.037	0.093
0.109	0.031	0.808	0.052
0.035	0.800	0.101	0.064
0.933	0.008	0.017	0.042
0.031	0.045	0.882	0.042
0.865	0.027	0.042	0.066
0.850	0.001	0.025	0.124
0.033	0.091	0.859	0.017
0.051	0.157	0.057	0.735
>AACAGGAAGCAG	8-AACAGGAAGCAG	8.586055	-100.541289	0	T:450.0(10.64%),B:2372.9(5.24%),P:1e-43	Tpos:98.3,Tstd:52.7,Bpos:100.2,Bstd:63.4,StrandBias:-0.1,Multiplicity:1.06
0.646	0.017	0.193	0.144
0.485	0.093	0.181	0.242
0.148	0.688	0.159	0.005
0.986	0.001	0.001	0.012
0.052	0.001	0.946	0.001
0.058	0.082	0.817	0.043
0.884	0.070	0.045	0.001
0.904	0.005	0.086	0.005
0.288	0.175	0.513	0.024
0.240	0.712	0.039	0.009
0.828	0.005	0.005	0.162
0.159	0.084	0.664	0.093
>GGTTTTACACCC	9-GGTTTTACACCC	12.746342	-66.819880	0	T:18.0(0.43%),B:2.8(0.01%),P:1e-29	Tpos:105.2,Tstd:54.2,Bpos:75.7,Bstd:55.2,StrandBias:-0.5,Multiplicity:1.00
0.001	0.001	0.997	0.001
0.001	0.001	0.997	0.001
0.001	0.269	0.226	0.504
0.001	0.001	0.001	0.997
0.001	0.001	0.001	0.997
0.226	0.226	0.001	0.547
0.997	0.001	0.001	0.001
0.001	0.997	0.001	0.001
0.730	0.001	0.001	0.268
0.001	0.997	0.001	0.001
0.001	0.772	0.226	0.001
0.272	0.475	0.252	0.001
>ACTAATCCTCCT	10-ACTAATCCTCCT	12.355432	-63.585308	0	T:15.0(0.35%),B:1.2(0.00%),P:1e-27	Tpos:91.5,Tstd:56.0,Bpos:150.0,Bstd:0.0,StrandBias:0.2,Multiplicity:1.00
0.700	0.100	0.100	0.100
0.100	0.700	0.100	0.100
0.100	0.100	0.100	0.700
0.700	0.100	0.100	0.100
0.700	0.100	0.100	0.100
0.100	0.100	0.100	0.700
0.100	0.700	0.100	0.100
0.100	0.700	0.100	0.100
0.100	0.100	0.100	0.700
0.100	0.700	0.100	0.100
0.100	0.700	0.100	0.100
0.100	0.100	0.100	0.700
>ASACATTCCATT	11-ASACATTCCATT	11.341646	-53.487811	0	T:13.0(0.31%),B:1.3(0.00%),P:1e-23	Tpos:118.2,Tstd:49.2,Bpos:116.3,Bstd:12.5,StrandBias:1.4,Multiplicity:1.38
0.815	0.001	0.001	0.183
0.068	0.424	0.476	0.032
0.883	0.001	0.001	0.115
0.005	0.741	0.138	0.116
0.762	0.100	0.001	0.137
0.170	0.011	0.145	0.674
0.137	0.110	0.110	0.643
0.209	0.511	0.143	0.137
0.152	0.690	0.016	0.142
0.711	0.121	0.063	0.105
0.005	0.005	0.172	0.818
0.328	0.079	0.107	0.487
>GGTTTTGCAACA	12-GGTTTTGCAACA	9.499611	-50.950810	0	T:67.0(1.58%),B:162.7(0.36%),P:1e-22	Tpos:98.0,Tstd:45.2,Bpos:99.1,Bstd:63.7,StrandBias:0.5,Multiplicity:1.07
0.070	0.012	0.829	0.089
0.082	0.094	0.777	0.047
0.001	0.047	0.047	0.905
0.017	0.069	0.044	0.870
0.059	0.051	0.091	0.799
0.094	0.012	0.087	0.807
0.071	0.041	0.873	0.015
0.084	0.825	0.032	0.059
0.852	0.089	0.012	0.047
0.882	0.038	0.036	0.044
0.094	0.792	0.044	0.070
0.790	0.071	0.023	0.116
>CTCAACTGCAAA	13-CTCAACTGCAAA	13.297220	-50.638467	0	T:17.0(0.40%),B:4.3(0.01%),P:1e-21	Tpos:87.9,Tstd:52.9,Bpos:91.5,Bstd:84.4,StrandBias:-0.3,Multiplicity:1.06
0.062	0.875	0.062	0.001
0.062	0.062	0.062	0.814
0.062	0.875	0.062	0.001
0.937	0.001	0.061	0.001
0.937	0.001	0.061	0.001
0.001	0.997	0.001	0.001
0.062	0.355	0.062	0.521
0.062	0.062	0.875	0.001
0.001	0.875	0.001	0.123
0.937	0.001	0.001	0.061
0.522	0.062	0.124	0.292
0.875	0.001	0.062	0.062
>GCACAGACCCTT	14-GCACAGACCCTT	12.355432	-48.884685	0	T:14.0(0.33%),B:2.6(0.01%),P:1e-21	Tpos:111.0,Tstd:61.9,Bpos:124.2,Bstd:21.7,StrandBias:0.4,Multiplicity:1.00
0.100	0.100	0.700	0.100
0.100	0.700	0.100	0.100
0.700	0.100	0.100	0.100
0.100	0.700	0.100	0.100
0.700	0.100	0.100	0.100
0.100	0.100	0.700	0.100
0.700	0.100	0.100	0.100
0.100	0.700	0.100	0.100
0.100	0.700	0.100	0.100
0.100	0.700	0.100	0.100
0.100	0.100	0.100	0.700
0.100	0.100	0.100	0.700
>ATCAAGACAATA	15-ATCAAGACAATA	13.723061	-48.547926	0	T:12.0(0.28%),B:1.4(0.00%),P:1e-21	Tpos:103.9,Tstd:53.4,Bpos:110.0,Bstd:0.0,StrandBias:-0.5,Multiplicity:1.00
0.934	0.064	0.001	0.001
0.001	0.001	0.001	0.997
0.001	0.997	0.001	0.001
0.997	0.001	0.001	0.001
0.997	0.001	0.001	0.001
0.001	0.001	0.997	0.001
0.997	0.001	0.001	0.001
0.001	0.934	0.001	0.064
0.997	0.001	0.001	0.001
0.934	0.001	0.064	0.001
0.001	0.001	0.001	0.997
0.997	0.001	0.001	0.001
>TATGTTCAGCGG	16-TATGTTCAGCGG	11.100915	-35.536222	0	T:12.0(0.28%),B:3.1(0.01%),P:1e-15	Tpos:102.1,Tstd:60.8,Bpos:98.4,Bstd:55.2,StrandBias:0.5,Multiplicity:1.00
0.064	0.066	0.122	0.748
0.712	0.089	0.111	0.088
0.076	0.052	0.093	0.779
0.052	0.082	0.738	0.128
0.099	0.093	0.070	0.738
0.064	0.070	0.120	0.746
0.082	0.795	0.082	0.041
0.855	0.017	0.018	0.110
0.070	0.058	0.814	0.058
0.182	0.585	0.140	0.093
0.093	0.047	0.712	0.148
0.064	0.082	0.778	0.076
>TGTGATCTTTGT	17-TGTGATCTTTGT	14.069198	-33.850875	0	T:14.0(0.33%),B:6.9(0.02%),P:1e-14	Tpos:103.3,Tstd:55.8,Bpos:88.8,Bstd:66.2,StrandBias:-0.2,Multiplicity:1.36
0.001	0.001	0.001	0.997
0.001	0.045	0.953	0.001
0.001	0.001	0.045	0.953
0.001	0.001	0.997	0.001
0.997	0.001	0.001	0.001
0.001	0.046	0.105	0.848
0.001	0.997	0.001	0.001
0.001	0.001	0.001	0.997
0.001	0.001	0.001	0.997
0.001	0.001	0.001	0.997
0.046	0.001	0.907	0.046
0.046	0.046	0.001	0.907
>TGATATCACAGT	18-TGATATCACAGT	6.855580	-30.797773	0	T:449.0(10.62%),B:3363.6(7.42%),P:1e-13	Tpos:97.8,Tstd:56.5,Bpos:99.0,Bstd:63.9,StrandBias:-0.1,Multiplicity:1.09
0.119	0.020	0.083	0.778
0.081	0.099	0.730	0.090
0.758	0.067	0.067	0.108
0.099	0.108	0.079	0.714
0.710	0.092	0.102	0.096
0.101	0.070	0.099	0.730
0.083	0.778	0.072	0.067
0.796	0.040	0.036	0.128
0.079	0.740	0.101	0.080
0.829	0.016	0.043	0.112
0.081	0.115	0.708	0.096
0.124	0.072	0.076	0.728
>ACCCCGAGACCA	19-ACCCCGAGACCA	12.905887	-27.475594	0	T:12.0(0.28%),B:6.0(0.01%),P:1e-11	Tpos:97.0,Tstd:51.3,Bpos:129.6,Bstd:18.8,StrandBias:2.2,Multiplicity:1.92
0.997	0.001	0.001	0.001
0.001	0.997	0.001	0.001
0.001	0.627	0.003	0.369
0.001	0.770	0.228	0.001
0.001	0.814	0.001	0.184
0.001	0.001	0.585	0.413
0.811	0.001	0.001	0.187
0.001	0.001	0.997	0.001
0.997	0.001	0.001	0.001
0.001	0.627	0.184	0.188
0.001	0.997	0.001	0.001
0.997	0.001	0.001	0.001
>CCCACATCCTCT	20-CCCACATCCTCT	13.835272	-27.058675	0	T:13.0(0.31%),B:8.3(0.02%),P:1e-11	Tpos:133.8,Tstd:42.7,Bpos:55.4,Bstd:32.5,StrandBias:0.2,Multiplicity:1.00
0.001	0.997	0.001	0.001
0.001	0.997	0.001	0.001
0.001	0.997	0.001	0.001
0.997	0.001	0.001	0.001
0.001	0.925	0.001	0.073
0.997	0.001	0.001	0.001
0.001	0.001	0.001	0.997
0.001	0.997	0.001	0.001
0.001	0.925	0.001	0.073
0.001	0.001	0.001	0.997
0.001	0.925	0.073	0.001
0.001	0.001	0.001	0.997
>CTGGTCATTAAC	21-CTGGTCATTAAC	13.239772	-22.012812	0	T:9.0(0.21%),B:4.8(0.01%),P:1e-9	Tpos:96.3,Tstd:48.9,Bpos:100.7,Bstd:61.1,StrandBias:0.2,Multiplicity:1.86
0.001	0.706	0.292	0.001
0.001	0.001	0.292	0.706
0.001	0.001	0.997	0.001
0.001	0.001	0.997	0.001
0.001	0.292	0.001	0.706
0.001	0.997	0.001	0.001
0.997	0.001	0.001	0.001
0.001	0.001	0.001	0.997
0.001	0.402	0.001	0.596
0.997	0.001	0.001	0.001
0.585	0.001	0.413	0.001
0.001	0.997	0.001	0.001
>AGGGAAGCTCGT	22-AGGGAAGCTCGT	10.798059	-21.043160	0	T:8.0(0.19%),B:3.8(0.01%),P:1e-9	Tpos:109.8,Tstd:50.2,Bpos:148.1,Bstd:23.4,StrandBias:2.0,Multiplicity:1.88
0.997	0.001	0.001	0.001
0.001	0.001	0.997	0.001
0.013	0.001	0.707	0.279
0.001	0.001	0.997	0.001
0.997	0.001	0.001	0.001
0.997	0.001	0.001	0.001
0.001	0.001	0.997	0.001
0.206	0.792	0.001	0.001
0.001	0.001	0.001	0.997
0.001	0.997	0.001	0.001
0.001	0.291	0.707	0.001
0.001	0.001	0.001	0.997
>GTGAGGTTTTCA	23-GTGAGGTTTTCA	13.715349	-18.530549	0	T:9.0(0.21%),B:6.3(0.01%),P:1e-8	Tpos:91.4,Tstd:53.9,Bpos:80.0,Bstd:54.3,StrandBias:2.1,Multiplicity:1.78
0.001	0.001	0.997	0.001
0.001	0.001	0.001	0.997
0.001	0.001	0.997	0.001
0.647	0.351	0.001	0.001
0.001	0.001	0.997	0.001
0.001	0.001	0.997	0.001
0.001	0.001	0.001	0.997
0.001	0.001	0.423	0.575
0.001	0.001	0.351	0.647
0.001	0.001	0.423	0.575
0.001	0.997	0.001	0.001
0.997	0.001	0.001	0.001
>CCTGGCCCTGCC	24-CCTGGCCCTGCC	7.043601	-15.387072	0	T:668.0(15.80%),B:5931.7(13.09%),P:1e-6	Tpos:99.2,Tstd:57.5,Bpos:99.4,Bstd:60.1,StrandBias:0.3,Multiplicity:1.31
0.052	0.769	0.069	0.110
0.070	0.768	0.055	0.107
0.119	0.102	0.067	0.712
0.077	0.091	0.737	0.095
0.086	0.102	0.740	0.072
0.071	0.781	0.080	0.068
0.097	0.777	0.058	0.068
0.086	0.761	0.059	0.094
0.092	0.104	0.090	0.714
0.087	0.087	0.730	0.096
0.077	0.728	0.097	0.098
0.072	0.785	0.059	0.084
>ATTCCATTCCAT	25-ATTCCATTCCAT	15.987443	-5.498533	0	T:2.0(0.05%),B:1.8(0.00%),P:1e-2	Tpos:82.8,Tstd:50.7,Bpos:55.0,Bstd:55.6,StrandBias:1.6,Multiplicity:3.00
0.962	0.001	0.036	0.001
0.001	0.001	0.036	0.962
0.001	0.001	0.001	0.997
0.001	0.925	0.037	0.037
0.001	0.935	0.037	0.027
0.962	0.001	0.036	0.001
0.001	0.001	0.036	0.962
0.001	0.001	0.001	0.997
0.001	0.925	0.037	0.037
0.037	0.889	0.037	0.037
0.898	0.001	0.037	0.064
0.001	0.001	0.036	0.962
>GAGGAAGT	1-GAGGAAGT	7.633467	-450.783443	0	T:981.0(23.20%),B:3683.3(8.13%),P:1e-195	Tpos:102.3,Tstd:49.6,Bpos:99.1,Bstd:63.6,StrandBias:-0.1,Multiplicity:1.15
0.109	0.107	0.773	0.011
0.843	0.006	0.150	0.001
0.001	0.001	0.997	0.001
0.001	0.001	0.997	0.001
0.994	0.001	0.001	0.004
0.997	0.001	0.001	0.001
0.029	0.055	0.915	0.001
0.001	0.075	0.031	0.893
>WAACCACA	2-WAACCACA	7.268544	-447.002967	0	T:769.0(18.19%),B:2397.3(5.29%),P:1e-194	Tpos:103.6,Tstd:49.2,Bpos:98.6,Bstd:63.8,StrandBias:0.1,Multiplicity:1.17
0.367	0.129	0.025	0.479
0.800	0.022	0.126	0.052
0.969	0.017	0.013	0.001
0.001	0.997	0.001	0.001
0.001	0.996	0.002	0.001
0.955	0.001	0.024	0.020
0.001	0.992	0.001	0.006
0.964	0.012	0.001	0.023
>RACCACAR	3-RACCACAR	5.624813	-379.676093	0	T:1883.0(44.54%),B:11365.0(25.09%),P:1e-164	Tpos:101.5,Tstd:54.8,Bpos:99.5,Bstd:64.3,StrandBias:-0.0,Multiplicity:1.26
0.304	0.149	0.349	0.197
0.628	0.180	0.191	0.001
0.001	0.929	0.021	0.049
0.019	0.820	0.048	0.113
0.705	0.001	0.261	0.033
0.004	0.875	0.098	0.023
0.623	0.026	0.137	0.214
0.384	0.142	0.346	0.129
>CAGATAAG	4-CAGATAAG	4.991685	-353.447392	0	T:1158.0(27.39%),B:5555.1(12.26%),P:1e-153	Tpos:101.0,Tstd:51.3,Bpos:99.4,Bstd:61.9,StrandBias:0.0,Multiplicity:1.22
0.136	0.557	0.231	0.076
0.767	0.018	0.005	0.210
0.001	0.001	0.997	0.001
0.997	0.001	0.001	0.001
0.001	0.001	0.001	0.997
0.981	0.001	0.001	0.017
0.977	0.007	0.001	0.015
0.074	0.045	0.849	0.032
>AAGCGGAA	5-AAGCGGAA	5.834082	-284.060722	0	T:1321.0(31.24%),B:7458.2(16.46%),P:1e-123	Tpos:100.0,Tstd:50.2,Bpos:99.6,Bstd:61.2,StrandBias:-0.0,Multiplicity:1.20
0.706	0.070	0.066	0.158
0.801	0.016	0.054	0.129
0.203	0.269	0.500	0.028
0.237	0.592	0.119	0.052
0.064	0.051	0.884	0.001
0.008	0.178	0.767	0.047
0.803	0.057	0.021	0.119
0.951	0.030	0.001	0.018
>ATGACTCA	6-ATGACTCA	7.796809	-147.271046	0	T:410.0(9.70%),B:1713.9(3.78%),P:1e-63	Tpos:104.6,Tstd:49.7,Bpos:98.4,Bstd:64.1,StrandBias:0.2,Multiplicity:1.07
0.751	0.120	0.128	0.001
0.001	0.001	0.001	0.997
0.001	0.001	0.997	0.001
0.997	0.001	0.001	0.001
0.028	0.602	0.282	0.088
0.024	0.001	0.027	0.948
0.089	0.895	0.015	0.001
0.982	0.001	0.005	0.012
>CAGGAAAC	7-CAGGAAAC	6.159462	-139.241998	0	T:817.0(19.32%),B:4856.0(10.72%),P:1e-60	Tpos:99.9,Tstd:52.3,Bpos:98.9,Bstd:63.3,StrandBias:0.0,Multiplicity:1.07
0.091	0.907	0.001	0.001
0.968	0.030	0.001	0.001
0.001	0.001	0.997	0.001
0.001	0.001	0.997	0.001
0.997	0.001	0.001	0.001
0.997	0.001	0.001	0.001
0.685	0.001	0.313	0.001
0.001	0.858	0.001	0.140
>CCACATCC	8-CCACATCC	9.993450	-112.376108	0	T:343.0(8.11%),B:1503.2(3.32%),P:1e-48	Tpos:104.2,Tstd:53.8,Bpos:99.7,Bstd:63.5,StrandBias:-0.3,Multiplicity:1.04
0.001	0.997	0.001	0.001
0.001	0.997	0.001	0.001
0.997	0.001	0.001	0.001
0.001	0.997	0.001	0.001
0.657	0.001	0.001	0.341
0.001	0.001	0.001	0.997
0.001	0.997	0.001	0.001
0.001	0.997	0.001	0.001
>TTWYGCAA	9-TTWYGCAA	7.390272	-85.644720	0	T:451.0(10.67%),B:2535.4(5.60%),P:1e-37	Tpos:101.7,Tstd:52.7,Bpos:99.2,Bstd:61.1,StrandBias:0.0,Multiplicity:1.11
0.001	0.001	0.001	0.997
0.001	0.001	0.255	0.743
0.434	0.001	0.225	0.340
0.130	0.408	0.001	0.461
0.296	0.077	0.626	0.001
0.001	0.997	0.001	0.001
0.997	0.001	0.001	0.001
0.997	0.001	0.001	0.001
>CGCCAYCT	10-CGCCAYCT	6.016048	-73.736134	0	T:782.0(18.50%),B:5499.5(12.14%),P:1e-32	Tpos:97.9,Tstd:51.9,Bpos:99.1,Bstd:59.8,StrandBias:0.1,Multiplicity:1.13
0.097	0.649	0.041	0.213
0.001	0.001	0.997	0.001
0.099	0.553	0.021	0.327
0.024	0.935	0.040	0.001
0.555	0.397	0.001	0.047
0.002	0.415	0.080	0.503
0.280	0.598	0.001	0.121
0.078	0.175	0.112	0.635
>TGACTAAG	11-TGACTAAG	5.488363	-62.050731	0	T:773.0(18.28%),B:5638.2(12.45%),P:1e-26	Tpos:99.0,Tstd:57.0,Bpos:98.4,Bstd:63.9,StrandBias:0.2,Multiplicity:1.07
0.059	0.083	0.027	0.831
0.062	0.075	0.700	0.163
0.808	0.063	0.086	0.043
0.003	0.797	0.089	0.111
0.054	0.112	0.053	0.781
0.690	0.104	0.128	0.078
0.670	0.088	0.135	0.107
0.043	0.085	0.730	0.142
>ARCAGATG	12-ARCAGATG	7.605927	-49.167052	0	T:629.0(14.88%),B:4595.0(10.14%),P:1e-21	Tpos:106.0,Tstd:54.7,Bpos:100.8,Bstd:65.6,StrandBias:0.0,Multiplicity:1.08
0.830	0.139	0.001	0.030
0.416	0.070	0.427	0.087
0.001	0.997	0.001	0.001
0.996	0.001	0.002	0.001
0.001	0.001	0.934	0.064
0.692	0.306	0.001	0.001
0.173	0.001	0.001	0.825
0.001	0.001	0.997	0.001
>CACTAKCG	13-CACTAKCG	4.905456	-45.449018	0	T:334.0(7.90%),B:2099.3(4.63%),P:1e-19	Tpos:97.9,Tstd:55.0,Bpos:101.2,Bstd:63.0,StrandBias:-0.1,Multiplicity:1.03
0.269	0.518	0.142	0.071
0.629	0.128	0.086	0.157
0.142	0.541	0.106	0.211
0.078	0.143	0.083	0.696
0.587	0.070	0.196	0.147
0.039	0.189	0.406	0.366
0.199	0.566	0.173	0.062
0.253	0.099	0.515	0.133
>AGGGAAGT	14-AGGGAAGT	8.663813	-41.658735	0	T:212.0(5.01%),B:1175.0(2.59%),P:1e-18	Tpos:102.8,Tstd:55.2,Bpos:101.0,Bstd:62.8,StrandBias:-0.1,Multiplicity:1.02
0.874	0.124	0.001	0.001
0.001	0.001	0.997	0.001
0.001	0.001	0.862	0.136
0.001	0.001	0.997	0.001
0.997	0.001	0.001	0.001
0.839	0.159	0.001	0.001
0.001	0.001	0.997	0.001
0.001	0.001	0.001	0.997
>TSATGACA	15-TSATGACA	6.422832	-41.347431	0	T:585.0(13.84%),B:4362.6(9.63%),P:1e-17	Tpos:99.7,Tstd:56.3,Bpos:99.3,Bstd:62.9,StrandBias:-0.2,Multiplicity:1.13
0.001	0.374	0.001	0.624
0.001	0.455	0.490	0.055
0.738	0.001	0.260	0.001
0.001	0.118	0.001	0.880
0.276	0.001	0.722	0.001
0.997	0.001	0.001	0.001
0.001	0.997	0.001	0.001
0.734	0.194	0.071	0.001
>TGAGGTTA	16-TGAGGTTA	8.161818	-40.541211	0	T:164.0(3.88%),B:827.9(1.83%),P:1e-17	Tpos:106.7,Tstd:53.7,Bpos:101.0,Bstd:60.8,StrandBias:0.2,Multiplicity:1.03
0.001	0.001	0.001	0.997
0.001	0.001	0.997	0.001
0.832	0.166	0.001	0.001
0.001	0.001	0.997	0.001
0.001	0.001	0.997	0.001
0.001	0.001	0.001	0.997
0.001	0.001	0.001	0.997
0.670	0.001	0.001	0.328
>KACGTMAT	17-KACGTMAT	7.673971	-40.483251	0	T:175.0(4.14%),B:908.5(2.01%),P:1e-17	Tpos:97.6,Tstd:49.5,Bpos:103.8,Bstd:63.2,StrandBias:-0.1,Multiplicity:1.05
0.001	0.158	0.415	0.426
0.812	0.001	0.060	0.127
0.001	0.583	0.001	0.415
0.108	0.001	0.890	0.001
0.001	0.001	0.001	0.997
0.438	0.560	0.001	0.001
0.997	0.001	0.001	0.001
0.112	0.001	0.001	0.886
>AGATAGSA	18-AGATAGSA	8.497280	-36.938545	0	T:193.0(4.56%),B:1081.1(2.39%),P:1e-16	Tpos:106.2,Tstd:58.6,Bpos:98.4,Bstd:63.0,StrandBias:-0.2,Multiplicity:1.02
0.769	0.001	0.001	0.229
0.001	0.001	0.997	0.001
0.997	0.001	0.001	0.001
0.001	0.001	0.001	0.997
0.997	0.001	0.001	0.001
0.001	0.001	0.670	0.328
0.001	0.538	0.420	0.041
0.917	0.001	0.001	0.081
>CGGCCCTG	19-CGGCCCTG	5.586463	-30.268563	0	T:1480.0(35.00%),B:13462.6(29.72%),P:1e-13	Tpos:97.5,Tstd:57.5,Bpos:99.8,Bstd:61.6,StrandBias:0.2,Multiplicity:1.50
0.068	0.679	0.090	0.163
0.189	0.145	0.598	0.068
0.125	0.061	0.760	0.054
0.001	0.986	0.012	0.001
0.026	0.811	0.104	0.059
0.055	0.928	0.001	0.016
0.158	0.122	0.087	0.633
0.133	0.219	0.603	0.045
>TGACAGCT	20-TGACAGCT	8.432435	-23.419404	0	T:167.0(3.95%),B:1047.2(2.31%),P:1e-10	Tpos:102.1,Tstd:54.9,Bpos:105.0,Bstd:65.4,StrandBias:0.3,Multiplicity:1.01
0.001	0.001	0.001	0.997
0.001	0.001	0.997	0.001
0.997	0.001	0.001	0.001
0.210	0.667	0.001	0.122
0.891	0.001	0.107	0.001
0.001	0.001	0.997	0.001
0.001	0.997	0.001	0.001
0.001	0.001	0.001	0.997
>TGTGCTGA	21-TGTGCTGA	8.546025	-22.145640	0	T:233.0(5.51%),B:1625.6(3.59%),P:1e-9	Tpos:109.8,Tstd:57.9,Bpos:100.6,Bstd:67.9,StrandBias:0.3,Multiplicity:1.04
0.001	0.001	0.001	0.997
0.122	0.001	0.876	0.001
0.001	0.001	0.001	0.997
0.001	0.001	0.997	0.001
0.136	0.862	0.001	0.001
0.240	0.001	0.001	0.758
0.001	0.001	0.997	0.001
0.997	0.001	0.001	0.001
>GATGTAAC	22-GATGTAAC	7.369003	-18.990091	0	T:194.0(4.59%),B:1347.7(2.97%),P:1e-8	Tpos:104.6,Tstd:58.5,Bpos:102.5,Bstd:62.4,StrandBias:-0.3,Multiplicity:1.04
0.001	0.001	0.997	0.001
0.436	0.249	0.149	0.165
0.001	0.001	0.001	0.997
0.097	0.001	0.901	0.001
0.001	0.001	0.001	0.997
0.997	0.001	0.001	0.001
0.997	0.001	0.001	0.001
0.183	0.815	0.001	0.001
>CAGCCGYA	23-CAGCCGYA	8.088417	-16.822526	0	T:187.0(4.42%),B:1328.9(2.93%),P:1e-7	Tpos:101.4,Tstd:53.4,Bpos:102.6,Bstd:67.2,StrandBias:-0.2,Multiplicity:1.06
0.001	0.621	0.001	0.377
0.867	0.131	0.001	0.001
0.001	0.001	0.997	0.001
0.001	0.997	0.001	0.001
0.001	0.830	0.001	0.168
0.001	0.001	0.997	0.001
0.001	0.556	0.001	0.442
0.997	0.001	0.001	0.001
>CTTTACGG	24-CTTTACGG	8.236954	-16.405385	0	T:19.0(0.45%),B:44.3(0.10%),P:1e-7	Tpos:113.5,Tstd:63.0,Bpos:100.2,Bstd:64.4,StrandBias:0.5,Multiplicity:1.00
0.100	0.700	0.100	0.100
0.100	0.100	0.100	0.700
0.100	0.100	0.100	0.700
0.100	0.100	0.100	0.700
0.700	0.100	0.100	0.100
0.100	0.700	0.100	0.100
0.100	0.100	0.700	0.100
0.100	0.100	0.700	0.100
>AATAGAAC	25-AATAGAAC	8.236954	-16.066334	0	T:36.0(0.85%),B:139.2(0.31%),P:1e-6	Tpos:78.3,Tstd:56.2,Bpos:92.2,Bstd:58.3,StrandBias:0.0,Multiplicity:1.00
0.700	0.100	0.100	0.100
0.700	0.100	0.100	0.100
0.100	0.100	0.100	0.700
0.700	0.100	0.100	0.100
0.100	0.100	0.700	0.100
0.700	0.100	0.100	0.100
0.700	0.100	0.100	0.100
0.100	0.700	0.100	0.100
